1.000000000000000082e-05
1.000000000000000082e-05
1.000000000000000082e-05
6.974026851508209138e-107
1.414204470336123618e-202
1.183745576301316335e-181
1.000000000000000082e-05
1.000000000000000082e-05
1.168954996429962090e-283
1.000000000000000082e-05
1.000000000000000082e-05
1.000000000000000082e-05
3.573430993706593493e-275
1.000000000000000082e-05
1.022620855381919339e-146
2.480260591943888454e-88
1.156165877338622321e-186
1.842302132463136299e-116
1.000000000000000082e-05
7.530865101370791816e-92
2.008190387059239194e-96
1.250408621665959581e-211
1.466880902502660990e-320
3.108833890832723532e-97
1.000000000000000082e-05
1.700090850142279290e-300
1.000000000000000082e-05
1.000000000000000082e-05
1.982576930599188511e-114
1.000000000000000082e-05
1.039833029140828110e-68
1.813283173600847867e-86
8.815769146217810239e-197
3.833915986244116533e-97
3.768759875148287636e-180
1.000000000000000082e-05
5.746360781184345222e-133
1.000000000000000082e-05
1.000000000000000082e-05
1.000000000000000082e-05
1.000000000000000082e-05
1.000000000000000082e-05
1.000000000000000082e-05
1.000000000000000082e-05
1.000000000000000082e-05
2.068018622360558408e-284
6.586157886719972820e-180
1.000000000000000082e-05
1.000000000000000082e-05
1.000000000000000082e-05
1.000000000000000082e-05
1.289843894679693295e-188
9.408377486249616186e-293
1.000000000000000082e-05
1.000000000000000082e-05
4.202356976976383578e-96
1.000000000000000082e-05
6.074148539100929627e-210
8.672410309179404536e-170
1.000000000000000082e-05
1.000000000000000082e-05
1.000000000000000082e-05
1.000000000000000082e-05
1.000000000000000082e-05
1.000000000000000082e-05
8.876170004373992529e-112
2.449835416237154244e-94
1.000000000000000082e-05
1.000000000000000082e-05
4.300395017801478208e-56
1.000000000000000082e-05
1.000000000000000082e-05
8.414736060355099085e-97
1.450298618030284810e-87
7.301316719982129034e-106
1.000000000000000082e-05
2.580600413762091751e-258
1.000000000000000082e-05
1.000000000000000082e-05
1.000000000000000082e-05
9.542515324368040463e-187
2.283822538800181408e-184
1.692756825596629217e-243
1.000000000000000082e-05
1.646685124998505826e-202
8.757794616267881219e-91
1.000000000000000082e-05
1.000000000000000082e-05
1.000000000000000082e-05
1.000000000000000082e-05
1.000000000000000082e-05
2.338811940229946377e-69
6.733675224427879231e-168
1.000000000000000082e-05
1.260056681740384082e-69
8.784549555336062403e-200
1.000000000000000082e-05
2.911961441754810902e-126
1.602575406231052721e-205
1.000000000000000082e-05
8.275062056769596744e-264
6.382571700383282679e-198
1.000000000000000082e-05
2.036268270292982532e-130
8.552532384627358904e-58
2.766135981046954195e-79
1.000000000000000082e-05
1.000000000000000082e-05
1.057533032366140178e-90
1.000000000000000082e-05
7.556076996164767808e-83
1.000000000000000082e-05
1.000000000000000082e-05
1.000000000000000082e-05
1.000000000000000082e-05
1.000000000000000082e-05
1.000000000000000082e-05
1.000000000000000082e-05
1.000000000000000082e-05
3.942612757587981500e-97
7.057117205686957902e-278
2.532253575798796377e-84
2.289095269325308473e-268
1.000000000000000082e-05
9.374995477783956564e-93
1.000000000000000082e-05
1.000000000000000082e-05
1.000000000000000082e-05
1.000000000000000082e-05
1.000000000000000082e-05
1.000000000000000082e-05
8.575752601755626721e-107
1.520810629071294338e-186
1.000000000000000082e-05
9.290303821188305716e-126
1.000000000000000082e-05
1.000000000000000082e-05
3.541000638937556194e-64
1.000000000000000082e-05
6.500807594740000540e-62
1.000000000000000082e-05
2.608415563237454365e-179
3.543004720743048611e-177
1.000000000000000082e-05
1.000000000000000082e-05
4.334045575415415691e-199
6.848712882581864048e-75
1.000000000000000082e-05
1.000000000000000082e-05
1.000000000000000082e-05
3.908937378393302523e-120
1.322749562310033907e-91
1.000000000000000082e-05
1.336699495826549685e-86
1.000000000000000082e-05
6.179603112953445697e-113
1.000000000000000082e-05
1.000000000000000082e-05
1.135610007998162344e-92
1.448212856586622542e-88
1.000000000000000082e-05
1.713936852627514948e-102
1.000000000000000082e-05
1.000000000000000082e-05
1.000000000000000082e-05
1.504856688481051479e-95
1.000000000000000082e-05
1.529446922822950162e-172
1.000000000000000082e-05
5.445256322694445869e-96
3.470360621903711655e-80
6.617100361518254911e-106
9.932136066484736283e-97
1.487409543140896379e-294
1.298278004710275624e-71
4.601852786387025097e-250
2.172694973056443714e-189
4.074789594290917956e-94
3.298757425013061176e-140
1.738395737618514010e-179
1.770841040347526630e-78
1.000000000000000082e-05
1.000000000000000082e-05
1.000000000000000082e-05
1.000000000000000082e-05
1.000000000000000082e-05
1.000000000000000082e-05
4.405151971850907462e-281
1.000000000000000082e-05
4.334554264834622616e-205
6.771177479864330161e-106
1.000000000000000082e-05
1.000000000000000082e-05
1.000000000000000082e-05
1.000000000000000082e-05
9.115347606619070757e-140
7.619990184860295997e-98
1.000000000000000082e-05
3.758515042475069852e-294
1.000000000000000082e-05
9.070339058391675413e-305
1.000000000000000082e-05
3.515671779334927376e-192
1.000000000000000082e-05
7.855643768875820052e-322
1.796814294123650047e-111
1.000000000000000082e-05
5.495227983716777861e-74
1.229386288303689891e-162
1.000000000000000082e-05
1.000000000000000082e-05
1.454025304614427214e-104
1.000000000000000082e-05
8.871060060805359057e-93
9.699505950785404977e-201
1.000000000000000082e-05
1.000000000000000082e-05
3.850438518499252873e-258
1.000000000000000082e-05
1.000000000000000082e-05
1.106739921844773570e-241
1.000000000000000082e-05
8.092506149737396010e-271
1.000000000000000082e-05
1.000000000000000082e-05
2.596816238131778723e-246
1.000000000000000082e-05
1.000000000000000082e-05
1.940420429367196749e-107
1.383111985026152049e-268
1.387275215833276695e-88
7.576255818792817836e-298
4.176778570090171548e-175
1.699846038576222441e-55
1.000000000000000082e-05
1.000000000000000082e-05
6.237911899622200869e-64
1.605276862903572077e-64
5.178074831875820357e-179
1.000000000000000082e-05
5.011212510516321372e-154
1.780538329048696243e-92
1.000000000000000082e-05
1.822510599263644583e-297
1.000000000000000082e-05
8.500970304102314396e-177
1.000000000000000082e-05
1.000000000000000082e-05
1.000000000000000082e-05
1.000000000000000082e-05
1.483813965328520325e-98
3.818998348761191078e-175
1.799743025173961551e-259
6.661150890088025203e-255
1.000000000000000082e-05
4.691031677278711230e-166
1.000000000000000082e-05
3.083393051786185425e-124
4.985216508024112825e-299
1.379277481354366136e-184
1.000000000000000082e-05
1.543289967290104323e-126
3.529732709693872465e-95
1.000000000000000082e-05
1.000000000000000082e-05
1.081256631597200235e-261
1.557948618849526644e-56
3.569484756690386620e-140
1.000000000000000082e-05
3.264378499744960268e-245
3.445819318844986679e-106
1.000000000000000082e-05
1.198328833490824945e-74
7.482789611047085346e-178
1.210441271150368788e-312
2.604109279194830021e-174
1.000000000000000082e-05
1.000000000000000082e-05
1.000000000000000082e-05
1.000000000000000082e-05
1.000000000000000082e-05
5.285517836364642566e-79
1.000000000000000082e-05
1.000000000000000082e-05
1.000000000000000082e-05
1.000000000000000082e-05
1.000000000000000082e-05
2.051007784818242424e-96
1.000000000000000082e-05
1.000000000000000082e-05
1.000000000000000082e-05
1.975947064488975811e-150
1.000000000000000082e-05
1.463982092335353334e-105
1.000000000000000082e-05
1.681975078023935170e-208
3.258203475952433058e-112
1.000000000000000082e-05
9.880433547676227139e-110
1.000000000000000082e-05
1.929074735223088927e-56
9.362619588005897085e-69
6.722701984472689730e-112
1.488009416551437235e-97
1.000000000000000082e-05
2.980433135137203694e-264
1.000000000000000082e-05
1.278639739806438693e-94
1.000000000000000082e-05
1.000000000000000082e-05
1.800667078143785275e-262
5.028826457748219203e-62
1.000000000000000082e-05
1.000000000000000082e-05
1.000000000000000082e-05
1.000000000000000082e-05
1.886157833258007961e-63
8.766170957780263579e-278
1.000000000000000082e-05
1.000000000000000082e-05
2.364845668614715872e-100
1.000000000000000082e-05
1.000000000000000082e-05
