2.719324628789493545e+03 5.806450731280393484e+03 -1.349668382113855980e+00
4.315960375593704157e+03 1.102888311445777163e+03 -1.102826766270800896e+00
1.985055096309993814e+03 5.694699414165525013e+03 -2.736953816325752076e+00
2.999320207978995313e+03 7.057334092875307761e+03 2.835112341878696096e+00
3.079188076173087666e+03 3.943810856742010856e+03 7.414955154182373276e-01
1.523926067231663183e+03 6.542705500274775659e+03 1.677738598306220075e+00
3.513247664619463194e+03 3.810987419554835469e+03 -1.478715548434205607e+00
4.001235313718312682e+03 4.335933980217946555e+03 -2.377714493416668962e+00
3.440246111097621906e+03 6.184010360916883656e+03 9.188432020217426333e-01
3.904125460225073766e+03 2.843289679753984728e+03 -1.978280287014134942e+00
3.198981761106885642e+03 7.123061377367577734e+03 -1.340130213122379566e+00
3.891899302791771788e+03 2.374695539961743634e+03 -1.531435464841459204e+00
2.364037634372223692e+03 6.463534854643219660e+03 8.177970568813682783e-01
3.998951318211440594e+03 1.827854927639189100e+03 -3.181787082791746268e+00
3.582523435107220848e+03 3.984257457779720880e+03 1.439457666508162870e+00
4.016561499206450662e+03 4.856241166260915634e+03 1.807776077582540886e+00
3.753133814145005090e+03 5.803522758658308703e+03 1.311978627974099698e+00
3.370487528911276513e+03 7.681645230148745213e+03 2.980105361319058677e+00
1.963873988639808886e+03 6.635292425134023688e+03 7.044725521805378365e-03
3.045066008513368615e+03 5.758575167723402956e+03 2.752429880617008884e+00
1.260245362590960212e+03 6.804468608377098462e+03 2.367083410050131231e+00
3.165694247261309101e+03 4.146260599552048006e+03 9.286362860433285960e-01
2.158804293183283335e+03 7.712258580832793086e+03 1.269436089915912724e+00
1.505896506910212565e+03 6.811000762075999774e+03 2.441419436227997064e+00
3.692316659446350968e+03 1.983897982069971476e+03 -3.278080522687460086e+00
2.355781597681470430e+03 7.156605573781993371e+03 7.946647308279262134e-01
3.720883011813929443e+03 4.640495654301537797e+03 -7.358104365620554699e-01
4.062595043584015457e+03 1.107878759103812627e+03 -1.958750971222567472e+00
2.385605009725480613e+03 7.953848704456746418e+03 2.229635630801745094e+00
2.640545631490118922e+03 6.978454222782911529e+03 -1.958626168555700930e+00
4.405631839548223979e+03 1.894527712565338788e+03 1.337465128880080956e+00
3.981912195232122031e+03 4.642546675916077220e+03 2.363592163016517311e+00
2.342959618679364212e+03 6.910437075145252493e+03 1.605849991339493021e+00
1.504544396135337365e+03 6.799065889094740669e+03 2.512448239127403671e+00
2.374755859045306806e+03 6.233373784324187909e+03 1.346133291905250662e+00
2.099688843024811831e+03 5.172924929105247429e+03 -2.195404133811322545e-01
3.905898069960719113e+03 2.552780430728684678e+03 -3.109256863192673137e+00
3.999127551880797910e+03 4.665147887326156706e+03 -1.513300103700180976e+00
3.013179331193085090e+03 3.909959972824894066e+03 -2.746952862012983054e+00
4.516225910879666117e+03 5.966663195201737835e+03 -1.645090993933782775e+00
2.721563253926120069e+03 5.781423832355364539e+03 -3.035108897933058714e+00
3.499244607858218387e+03 5.861631949940525374e+03 -3.291315316111241562e-02
2.299378549640634901e+03 6.924873284740985582e+03 -2.995116559996279237e-01
3.710012566422566124e+03 3.397265822603435026e+03 -1.785406776776305993e+00
3.401942327851110349e+03 6.884041584607486584e+03 5.965453501398890884e-02
4.557754873205107288e+03 5.487290516272709283e+03 2.446315021816268809e-01
2.363215930691896574e+03 6.219455747571605571e+03 1.501978012503378368e+00
1.996881958572229223e+03 6.483003248043687563e+03 -2.714200982210212554e-01
1.969076556916561003e+03 6.641458595949177834e+03 -2.132241531001543677e+00
4.294102085854073266e+03 8.731153482329417557e+02 -2.104140998059652379e+00
3.147813020711472745e+03 7.234868797255979189e+03 -2.377156513145437078e+00
1.688912558885000635e+03 6.755975769044015578e+03 1.955316984551891846e+00
2.332490600616347820e+03 6.940609381000773283e+03 9.668999779838446385e-01
2.416001800815613933e+03 6.549723666620304357e+03 -1.858244695853656037e+00
3.426360149962407377e+03 7.762453575478405583e+03 -2.924145075998273224e+00
1.174037293620162700e+03 6.791680201426614076e+03 2.430761643557788343e+00
1.470368994437163110e+03 6.099973087306075286e+03 -2.702286758756556662e+00
3.852745443582635744e+03 1.066250607961709647e+03 -9.369480287979797817e-01
2.148771439276184083e+03 5.890535587308518188e+03 1.415183920757062896e+00
4.719766303468761180e+03 5.876657899843381529e+03 -1.091441913926044061e+00
1.270561467540806461e+03 6.699351215498043530e+03 -5.014330398738966466e-01
3.579849773601454217e+03 5.664503784255335631e+03 -9.161989501125198387e-01
2.002084749709129483e+03 6.419150223305685358e+03 -2.642668755727460184e+00
3.420182786366859546e+03 5.744622585678925134e+03 -4.757993535507537564e-01
3.469438301109651547e+03 6.306762184195205009e+03 -4.248534535176262117e-01
2.147890155122062424e+03 7.788008852737541019e+03 -3.713856295531009266e+00
3.263199938546255908e+03 5.861002743619267676e+03 2.697420962741547079e+00
3.753741438033208851e+03 1.448373932250508915e+03 -2.196396962935849295e+00
1.392655412720415370e+03 6.866981605842215686e+03 -1.255377426594429968e+00
3.632816475961059950e+03 9.733156100446520895e+02 2.016755237296520953e+00
3.403938070876446545e+03 7.038993918278852107e+03 -1.483874114903259045e+00
2.000641893364661655e+03 5.701952728683314490e+03 -2.229293300729428218e+00
1.864937895226159071e+03 6.689097154369101190e+03 2.358259246922342012e+00
1.778551006345307314e+03 5.981231641020223833e+03 2.264083101535471876e+00
2.783227569136599413e+03 7.078438201856201886e+03 2.687474280718581632e+00
4.628050863491175733e+03 5.971343403595276868e+03 -2.979623522008216785e-01
1.048796906870730936e+03 6.327948034272303630e+03 1.391764183279018852e+00
3.281188174801050081e+03 6.087846179215024677e+03 -4.398446260870236824e-02
2.229885446232418872e+03 7.363669456935357630e+03 2.184883347735658010e-01
3.176898139310063470e+03 7.586998647162829002e+03 -1.398308800038247313e+00
2.378431975861305546e+03 6.494827838592709668e+03 1.499038695145644917e+00
2.166970422581121966e+03 6.463409401850729409e+03 1.661601079000401215e+00
1.615776040754110682e+03 5.873241176984131926e+03 5.489309840073041125e-01
1.614963945740004874e+03 6.039607392598429215e+03 -2.385925655151197144e+00
4.481504051166234603e+03 6.048908545969425177e+03 1.081284228664047165e+00
2.650577784393396087e+03 5.923645608005225768e+03 2.089662995320310745e+00
2.026912832622930637e+03 5.349934431820582176e+03 -1.278664196996608604e+00
3.546888112610337885e+03 4.696468152701569124e+03 -7.219137444381210633e-01
3.126358201819717124e+03 5.836371585729099934e+03 -2.349117434384887293e+00
3.886961654630274552e+03 1.119490563945423219e+03 -2.065107466353965471e+00
3.930081859190814612e+03 5.325069731608945176e+02 3.195171292543084629e+00
3.785537039363398890e+03 2.772129154074479629e+03 3.414906530668157192e+00
4.105481215080470974e+03 4.635863663074313081e+03 1.139344858323660059e+00
3.011054670419944614e+03 5.813067820636798388e+03 -2.167082507204528413e-02
3.429964846558149475e+03 3.446933321159046955e+03 1.776865684350881880e+00
3.399440621063360140e+03 6.599191234673903637e+03 1.247480873032803750e+00
2.301528375545168728e+03 7.029308004572998470e+03 3.161842197452975789e+00
3.812649314252699696e+03 2.451801159428147457e+03 1.607144176384366796e+00
2.462638218309291005e+03 7.217590206547223715e+03 1.695797969125448112e+00
1.970100552222654642e+03 5.166623198710850374e+03 -3.123948663280868399e+00
1.809283744943104466e+03 6.301880534111019188e+03 1.261984370200036176e+00
2.121953572833965154e+03 6.996891250634962489e+03 2.016203268609240595e+00
3.390137728500861158e+03 6.428150719581402882e+03 -1.553073901738243112e+00
3.832916249332893130e+03 2.838373059792555523e+03 5.295346887443461714e-01
3.862164690808743671e+03 5.617614110003457881e+02 1.780622901699770111e+00
1.974399006075747138e+03 5.216766865027144377e+03 2.559810209011149418e+00
3.898029690123364162e+03 2.243605676410701108e+03 4.829695239304680754e-02
4.202574228591593965e+03 8.941194568316296909e+02 -3.004399817015157126e+00
1.945615356659782037e+03 6.109684079845576889e+03 3.078214107751577888e+00
3.741081224640546679e+03 1.619363003799133594e+03 2.500093394562364679e+00
1.957866948993149435e+03 5.526145501584212070e+03 -3.844607587813055449e+00
3.906765979508957571e+03 2.893309453616745486e+03 -6.379502717438652049e-01
3.645377628506857036e+03 7.077733792813784930e+03 -1.094967381330868461e+00
3.411120079403229283e+03 5.697298534574994846e+03 -2.490264720513099550e-01
4.014281782452019343e+03 4.202063252131231820e+03 -2.252173195195829702e+00
3.103023771224977281e+03 3.839805983405326515e+03 -9.911382695158410527e-01
2.410722536165750171e+03 7.044003162113186590e+03 -1.076250310266282581e-02
2.083469986521464762e+03 6.690095766606379584e+03 -1.241958089516392194e+00
4.285188517876149490e+03 9.821629214428112391e+02 2.906332092244344079e+00
1.955156769980116451e+03 6.625292007281785118e+03 3.075446576805505927e+00
1.743633961575515968e+03 6.738941626688820179e+03 7.789062255432269710e-01
2.155988192772957063e+03 5.582468637598457462e+03 2.292742497849094896e+00
2.275356315914743845e+03 6.294486290433973409e+03 9.979045959062106119e-01
1.165438967759407888e+03 6.423277955846598161e+03 -2.033272582069534096e+00
1.503579590112715323e+03 6.411291207254116671e+03 -3.292561877738398923e+00
4.082193278366144568e+03 6.897353528881739294e+03 -1.828710780762153210e+00
4.035691382255586177e+03 4.872346762831822161e+03 -2.211633986635296978e+00
3.892444842516647441e+03 3.873076623053495041e+03 -2.646009598661138718e+00
3.729253179207642006e+03 4.600068641568332168e+03 -3.087190319221007062e+00
2.107735779031685979e+03 7.194758490528255606e+03 -1.447920436799845945e+00
1.580524237168102673e+03 6.675576218499907554e+03 -2.397589878244692940e+00
2.097153008121495532e+03 7.364651291078267604e+03 -3.281989746580485257e+00
1.215054584678225183e+03 6.773477943229715493e+03 2.056102789762243255e+00
4.042304096461049994e+03 3.735566087187194626e+03 3.417173721647217555e-01
4.418044751538753189e+03 1.192020641998196197e+03 5.398284742984522655e-01
4.079417493875325817e+03 1.865924322908511613e+03 -3.253856779768272478e+00
3.800708514109793214e+03 1.720110371094837092e+03 -1.317288883744614170e+00
4.068785892713271551e+03 1.604860123106594529e+03 2.211735368906823762e+00
3.395316501881708518e+03 7.040617628863215941e+03 3.435534671720835487e+00
3.976633559050947952e+03 1.485250087454207687e+03 1.701912666475099423e+00
1.054352483218465522e+03 6.247365709817960123e+03 -6.009185151679595771e-01
1.384562752857061014e+03 6.477456771191016742e+03 1.761029386034246080e+00
4.096048299653443792e+03 1.588845268031165915e+03 -3.627421895242940453e-01
3.952099392490324590e+03 1.336790217814374500e+03 -2.808765236435085466e+00
1.631880506224663122e+03 6.897560215661140319e+03 -2.147759600952480863e+00
4.611882213657378088e+03 5.731423880349243518e+03 1.631614423858164242e+00
3.598937967384113563e+03 3.833238035318568564e+03 1.942131672874890747e+00
4.070134697231832433e+03 1.885973094132901906e+03 -1.112302098577484966e+00
3.612476310182801626e+03 4.241418991538947012e+03 -2.325421615617768278e+00
3.898532492597520559e+03 3.022905167402730513e+03 -1.968866279961557497e+00
4.251141000510225240e+03 1.009293242453610674e+03 3.158340029083100964e-01
2.997285220614923219e+03 5.810626945325792803e+03 2.258828733372018061e+00
3.670989178061049188e+03 5.705792068745005054e+03 -2.116529867548928134e+00
2.124067536630616814e+03 5.768515581716483211e+03 -3.809930898738516536e+00
3.477219068826901548e+03 6.894293278442619339e+03 -1.031578266631535401e+00
2.255242658856428989e+03 7.825567608915676828e+03 2.834696066993230623e+00
4.157113936149434267e+03 4.868856807443377875e+03 -1.779901297848712094e+00
1.288002417536974690e+03 6.434566972042032830e+03 -1.984004572874642269e+00
1.697099131943987231e+03 6.382736607125159026e+03 2.673166012269055258e+00
2.125285169362742636e+03 5.912611276789366457e+03 2.662935451022559796e+00
4.264927154939998218e+03 1.025540129274403171e+03 3.067500519089170652e+00
2.285783117669915555e+03 6.989687038994880822e+03 2.669241312773440011e+00
3.038874079110345519e+03 7.162444677634007348e+03 -1.593672563292475752e+00
2.787908249287124818e+03 7.049641111992216793e+03 -1.469491001514504180e+00
3.443775304659224275e+03 6.748567258170000969e+03 -1.451283961904195952e+00
1.049842480448530978e+03 6.706510234314540867e+03 3.187892804674100855e+00
3.790519553864939098e+03 1.441008061832757903e+03 2.894617683429626442e+00
1.464056580443627581e+03 6.211188126372476290e+03 1.403280565026762794e+00
3.654798420953108234e+03 1.314395128259377543e+03 -2.553545134954005480e+00
1.020270823370884727e+03 6.755365419254966582e+03 3.088764950222413486e+00
4.041646459854842306e+03 3.949236380045815167e+03 2.079558214543832495e+00
4.695997126727093018e+03 5.994405179829789631e+03 -3.949169881382432745e+00
3.664644068071627771e+03 5.853197105915311113e+03 2.492732933350378044e+00
2.291249998871038315e+03 7.024755113128704579e+03 6.935488776868733440e-01
3.184323302172867898e+03 3.848602426135765654e+03 2.154583553324770140e+00
1.796650509982227504e+03 5.937300110739024603e+03 1.261388062149386036e+00
2.032611738714641433e+03 6.682047371623781146e+03 2.012638183075389442e+00
2.066151865207848459e+03 6.390428905181303890e+03 2.611770135794971637e+00
3.855084059405527569e+03 3.401932325229142407e+03 7.574379378712666755e-01
1.569923837476113704e+03 6.448377375560487963e+03 1.633063494457031917e+00
3.572821709030227339e+03 4.207732876319059869e+03 2.169101231509090510e+00
2.323017582312656486e+03 6.873278216697637617e+03 -1.700208719899327092e-01
3.844398616000496986e+03 4.418794866068728311e+02 2.368807090484402522e+00
4.140036639994154029e+03 4.803010219665322438e+03 3.182724752140884128e+00
2.973968401404782981e+03 4.023273562362142911e+03 -3.667606647549966903e-01
3.385676664271180016e+03 4.100807990414597953e+03 -1.741551685839767938e+00
3.509364911423082958e+03 6.898875190173194824e+03 -2.094710721019817923e-01
3.968658570293127923e+03 5.765812808194326863e+03 9.286494156529527810e-01
2.153196842056143851e+03 6.887256654947451352e+03 -2.407746825861615481e+00
2.420477643777469439e+03 7.201168961424492409e+03 1.864566770474880064e+00
3.766964614444544623e+03 6.150899485274893550e+02 3.778319183326759312e-01
1.696429149923369323e+03 6.639986596335646936e+03 -8.596733335083900363e-02
3.351103465497849356e+03 5.656242856988401400e+03 -1.252490069262881311e+00
3.777293774758483323e+03 7.596315531792716911e+02 -1.593151815222546785e+00
1.660813510915749021e+03 5.982899177121690627e+03 -1.120657609326573878e+00
3.612336294714789346e+03 3.346614903676244467e+03 -2.795431257606572295e+00
3.806899389974518272e+03 5.830102984089646270e+03 2.779855118526082691e+00
3.346669830392682343e+03 5.855032779173728159e+03 -1.026950740799410927e-01
3.624847851672527668e+03 4.224374825454832717e+03 -1.493344019025284186e-01
4.171792821461252970e+03 5.755584425164690401e+03 9.687464390673031223e-02
2.741998968914369925e+03 7.142020960360987374e+03 6.434261213309683258e-01
3.825143923079265733e+03 7.689807288577538884e+02 2.125077262959830904e+00
2.060575065941366120e+03 6.826484693785002491e+03 1.448683152235188398e+00
2.765539320844840859e+03 7.141063102741423791e+03 -7.651533367283192000e-01
3.843017196588897150e+03 7.121786203002076036e+03 4.069700787930367047e-01
2.220226710564025780e+03 7.723517619062971789e+03 2.784290328178983920e+00
3.422474243133194250e+03 5.894482066449667400e+03 -1.985510898602174334e+00
3.909923820471320141e+03 3.344795012491828857e+03 2.348811033833546613e+00
3.969701860041478085e+03 4.495774906345010095e+03 1.003081097208063488e+00
4.556944827490190619e+03 6.025009340826643893e+03 -2.790801919150502908e-01
3.999848646713195649e+03 3.677544224146226952e+03 -1.968563097197490785e+00
2.607583982290786935e+03 7.031425654833999033e+03 2.783279043159115673e+00
2.236936384948654904e+03 7.030719697769604863e+03 -1.890063515849801146e+00
2.905862858922234864e+03 5.906071157831551318e+03 2.815377814932376932e+00
3.868209330658380622e+03 3.162922054421533630e+03 -5.383768527325381859e-02
2.735606617836410351e+03 7.188847595523205200e+03 -3.337753638856697513e-01
1.673307948573326030e+03 5.964677200423392605e+03 -7.779763128371259828e-01
3.012613409504494030e+03 5.709029525526750149e+03 5.570922846977174325e-01
2.191478508720756054e+03 7.970875961043960160e+03 -7.642189645598881365e-01
3.712322904183126866e+03 1.204674799083345079e+03 -2.020603207595025097e+00
4.099577653649756030e+03 4.441388662164471498e+03 9.334238955566259710e-02
1.680461426121818477e+03 6.340644249403516369e+03 -1.970862995063242362e+00
1.457988072509078165e+03 6.593797285827435189e+03 1.156620097063557395e+00
4.413468817507761742e+03 7.137779486577258467e+03 -2.679148135059105096e-01
1.784992804099093746e+03 6.791772321934591673e+03 -1.188646581385519457e-01
3.316247646015981445e+03 3.293897685046393235e+03 -3.313927077298020607e-01
3.401102688142896113e+03 5.968944004412169306e+03 -2.078072832974616535e+00
3.659451713543697679e+03 1.521133434675751914e+03 -1.161162659657894114e+00
3.744930321853028090e+03 9.548657331835653395e+02 6.570210817093473654e-01
1.418472304448175692e+03 6.564652914698002860e+03 9.227338700611766864e-01
1.610907568194572832e+03 6.075807456320198980e+03 2.733522184056942805e+00
2.529184272472783960e+03 7.038309590157415187e+03 5.533521446545268674e-01
1.366908275108375392e+03 6.312932556139788176e+03 1.805294859585162337e+00
3.690140150565830936e+03 8.269796328555224818e+02 1.147911571290521016e+00
4.402712865736912136e+03 9.471420916176750779e+02 -1.840496543121568962e+00
3.876120737261376689e+03 1.482405122225036621e+03 -9.640355237007837141e-01
4.292277467021143821e+03 9.984234509329469347e+02 1.486034639987351857e+00
3.829838045950660671e+03 2.343472236266521577e+03 6.774492111307430786e-01
1.797507192722138370e+03 6.358749717247116678e+03 1.760513821581667582e+00
3.362652907253801004e+03 6.421763155891427232e+03 -6.762765882283561236e-02
4.084559727727281825e+03 3.827462114076632588e+03 1.799362038473545367e+00
2.200374498961833524e+03 6.238398521335234364e+03 2.245734009588040703e+00
4.476572201359932478e+03 1.083723737637002614e+03 2.713753580439439705e+00
2.298769552707372441e+03 7.104266283630973703e+03 6.327825332304363171e-01
2.784339005977940360e+03 7.027062284090650792e+03 -2.401499023151255852e+00
1.178594429216688923e+03 6.398284357256523435e+03 2.069730307363592647e+00
3.856116202479283857e+03 3.439363442049988407e+03 2.976552461187045751e+00
3.778426902785286075e+03 2.637666897291683654e+03 -1.525216235802752118e+00
3.364527595363198998e+03 6.491366380515350102e+03 3.441633180802476044e+00
3.735392237945367015e+03 1.585168308868982194e+03 -2.399677289245420120e+00
4.196736669643819369e+03 5.653399988716344524e+03 2.469971576713887895e+00
2.654953175511287554e+03 5.886828150834770895e+03 1.635337004199276523e+00
1.112778638858341992e+03 6.400633033416725993e+03 7.329430433328969485e-01
2.434600708904073599e+03 5.874987993717519203e+03 8.273768783276242988e-01
3.955575295638056105e+03 4.596616943855001409e+03 -1.500557341978202119e+00
3.702737517856508020e+03 1.728389286891910842e+03 7.424139013391423125e-02
4.366634419240119314e+03 1.819320427496063303e+03 -1.886836879173287462e+00
4.020923107781802173e+03 1.974645041050740474e+03 1.238328372826303703e+00
4.606317933485639514e+03 5.914549136851375806e+03 4.531800676888598778e-01
4.098384838589850915e+03 5.455779092563009726e+03 1.366404866885658320e+00
3.797582589045670375e+03 5.709974795892681868e+03 -1.369185361102470466e+00
4.403544113664211181e+03 1.198272480946583073e+03 1.093855401703389685e+00
2.141019860666025579e+03 6.449263572790398030e+03 -3.651448149563250034e+00
4.449142822233328843e+03 5.588247344912861081e+03 -3.805391681915843982e-01
3.518751457871843741e+03 6.505767360109749461e+03 -2.069510803835297175e+00
4.115017417409417249e+03 5.092684549879892984e+03 3.400978900908749880e-01
3.738486938372587247e+03 7.948408766378782957e+02 1.669710947873907614e+00
3.215640500818890359e+03 3.963324346191057884e+03 1.528847875955730462e+00
3.447845736159678836e+03 6.622888644151727021e+03 -1.201715330115183944e+00
3.957522460053612122e+03 4.684539401337918207e+03 1.885650861117589283e-01
3.484002456662382883e+03 6.819108853890849787e+03 2.262489912342501963e+00
3.204440728396795748e+03 5.801704533837110830e+03 -5.330964657661421136e-01
3.945095782020403931e+03 3.361124151840639115e+03 2.488536693754649587e+00
4.211266992653901070e+03 1.204087275267265568e+03 1.248604833160167626e-02
3.470393398197679289e+03 6.987978343033217243e+03 1.116285336718926935e+00
1.814390391900883742e+03 6.150150382949893356e+03 1.945041787171266856e+00
4.560472926910763817e+03 5.960912588556467199e+03 -2.108522640292706640e+00
3.443524236244597432e+03 6.289570602628815323e+03 -2.918681489756419722e+00
2.108317514271364416e+03 6.456649266403200272e+03 6.678138600454232299e-02
3.540836823837946667e+03 3.273273206759983623e+03 -9.588290183794536681e-01
2.795836579398614504e+03 7.080608193754966123e+03 3.204022915712634756e+00
3.688421926977708154e+03 4.130259123465654739e+03 2.407927840346295145e+00
3.828442731152918896e+03 2.092046190459122045e+03 -1.105205615215357762e+00
9.231615822502018318e+02 6.376420114736046344e+03 -2.202289675469115249e+00
3.815330142073669776e+03 1.547379115352181088e+03 -2.154250892037409049e+00
2.170483082465801999e+03 7.374364696109876604e+03 -1.149737066136089059e+00
2.577479139599452537e+03 7.014743740404350319e+03 3.779926909242438127e-01
1.785326515523612215e+03 6.688059727933505201e+03 2.241218262473669398e+00
2.084073630633244647e+03 7.121449248406395782e+03 -1.643570786260359240e+00
2.668420701457843279e+03 6.980092147519566424e+03 -9.643511797104483696e-01
2.084216975562970219e+03 5.722004806965228454e+03 -1.897841734357495591e+00
3.447039179463711207e+03 4.293837654668991490e+03 1.422955955778794079e+00
3.691814656482102237e+03 1.788113474079545540e+03 -3.425525932403641782e+00
2.148052572096791664e+03 7.297510417179921205e+03 2.479579607871969404e+00
3.754821400109628939e+03 1.990125390081020669e+03 -7.704526737843107043e-01
3.542654006249170379e+03 6.893664332937178187e+03 1.390159869431456308e+00
1.982048601035118281e+03 7.874012587263575369e+03 2.492930917225243626e+00
2.231698414762111952e+03 6.563298851224770260e+03 -1.840794728763990307e+00
2.213343418202735847e+03 7.575261926239604691e+03 2.898127318783944695e+00
3.357836795042962876e+03 6.878280568295466765e+03 -2.761996294990018974e+00
3.748339627074244618e+03 6.298527962352161467e+02 1.781412991490759712e+00
4.416014549796797837e+03 1.785709602368526930e+03 1.808474839221679620e+00
3.769231984895094683e+03 1.391658493672832265e+03 9.989450251646230239e-01
1.432590924090669432e+03 6.806425818795492887e+03 2.993017450751289221e+00
3.186603903548115795e+03 7.129376199057805024e+03 -1.935476489261866773e+00
3.168996699783362146e+03 3.793443604101384608e+03 -3.757646888217489045e-03
3.944042984033450466e+03 2.383279626363093939e+03 -1.121328755214292761e+00
3.680130722766006784e+03 5.694214288827816745e+03 2.006190229491974453e+00
3.483573084745422420e+03 3.975633344796325673e+03 2.807653073764450724e+00
3.967526020062356565e+03 4.996710264298644688e+03 -1.481062327307870463e+00
1.251154407861602749e+03 6.439552666027968371e+03 9.395810052226638565e-01
3.813342012784594317e+03 1.788172876011904009e+03 2.241451640254030320e+00
2.413118365296663796e+03 6.878128555211173079e+03 2.656051173221346540e-02
1.234446057901353242e+03 6.366533403577007448e+03 -1.612880526134486514e+00
3.241396394934150521e+03 7.888650152004375741e+03 -2.516742281156383321e-01
3.752879939401473621e+03 7.076402938515174355e+03 1.370195613262399081e-01
4.014029257915311973e+03 1.750205731457357388e+03 1.547851524030140924e+00
2.156147682952324885e+03 6.620308321326785517e+03 6.445461876927169875e-01
2.157495258075749007e+03 7.277841748832370286e+03 -1.971016138246904914e+00
4.647014622274076828e+03 5.448616494019172933e+03 -1.566009302290749305e+00
3.275451509189364060e+03 6.362626109402727707e+03 2.874967708554834633e+00
3.639765485089374579e+03 3.319085394606433056e+03 -1.256645769390237088e+00
3.292520185928814954e+03 6.467696620353024628e+03 -1.812690324610122250e+00
2.170047027588210312e+03 7.801247578156298005e+03 1.883035027318225918e+00
2.262253848484171613e+03 7.264347590418178697e+03 -2.485331619555448124e-01
4.495280992551530289e+03 5.486183171988438517e+03 -5.823464590350861947e-01
3.987473562458786091e+03 1.631305784295298963e+03 -6.682434963719209309e-01
2.214888708650769786e+03 6.294022174633706527e+03 3.087030897107172045e+00
3.421966993741438728e+03 6.692091578697208206e+03 -1.947206968491859813e+00
3.344967422267180609e+03 6.800429033226854699e+03 -3.267185346490768527e-01
3.752668633845895329e+03 2.422304399814338922e+03 -3.359106242765800943e+00
3.650969743902266600e+03 5.660617915013070842e+02 -1.348990696822059743e+00
4.062886372649825262e+03 1.356796309621067394e+03 1.079377250960649182e+00
3.289157882196689116e+03 5.763391181088986741e+03 -4.472380748786038418e-01
1.801705664161945379e+03 5.940405886618629665e+03 -1.721592106381943266e+00
3.417695423481840862e+03 5.836200582921403111e+03 1.945986320726984520e+00
3.743488037910608000e+03 6.473254848023888144e+02 3.157197955561009461e+00
3.363632145173136905e+03 3.837909877769394370e+03 -1.726476927426100039e+00
4.110113879341152824e+03 3.744518875686349475e+03 6.644606643097490384e-01
2.229444757675244091e+03 7.132701039264033170e+03 1.888617472540488951e+00
3.817892677842471130e+03 8.872432980685928214e+02 -2.720946981013663279e+00
1.119429325790893699e+03 6.632266413150377957e+03 1.836715359526920777e+00
2.221824569723164132e+03 7.510978282030308037e+03 3.787968044159069070e-01
2.243665229252841982e+03 6.619711637648174474e+03 4.462912443476622082e-01
2.930522907257428869e+03 5.796304457589931189e+03 -1.107652137632145539e+00
3.980069237755698396e+03 1.563364732310606087e+03 -2.220416300382499930e+00
3.327867727147663118e+03 6.481108274944326695e+03 -5.394463498811363777e-01
3.782486669138791967e+03 9.792286478116800481e+02 -2.590100559850602835e+00
2.020838041117418243e+03 6.173275375302194334e+03 2.662015518949707893e+00
3.412208167384788339e+03 6.473716871200022979e+03 -1.442087209327042929e+00
3.528712935349195504e+03 3.939340964365847412e+03 -3.973525065064805739e-01
3.815942149631479424e+03 1.420178451311124036e+03 2.708558019893657853e+00
1.432979202570505549e+03 6.029678342910871834e+03 2.955341503798218472e+00
3.813816885133592223e+03 2.146067206971659289e+03 -1.049747681975286229e+00
2.301608296746049746e+03 6.219901049359305034e+03 2.936862030975129656e+00
4.603037652091597920e+03 5.934207597612876270e+03 -1.451250321428261048e+00
2.305690103033956802e+03 6.600371514524080339e+03 -7.545969760989909569e-02
1.493789617761732188e+03 5.868873461403031797e+03 2.706225737426941169e+00
2.171803965636214343e+03 6.749896040885265393e+03 -8.930867121575460921e-01
4.471367189325994332e+03 1.213722186862680928e+03 8.734748491335383447e-01
4.129470773741515586e+03 5.762465468173329100e+03 2.790162887774042755e+00
3.242120441689996369e+03 5.754096468745782659e+03 5.887747139567905963e-01
1.185845202888700896e+03 6.444385317583330107e+03 -2.313283652086390862e+00
2.064110509275836193e+03 6.658901557827788565e+03 -1.407188316359117286e-01
3.717729770659042515e+03 4.623664955506388651e+03 1.759217008532257376e+00
1.671283999101271547e+03 6.618733813286970872e+03 -1.155266054245995128e-01
3.799963892062845844e+03 3.961352601262874032e+03 2.698854805272440593e+00
3.569464312019798854e+03 9.158058240774865908e+02 2.604797128096326020e+00
3.713751791856630007e+03 2.780732021101046939e+03 3.254877340211269399e+00
4.165689490539165490e+03 5.575642542611628414e+03 2.141188538300982103e+00
1.469354454845807368e+03 6.462717285115975756e+03 1.200556010888008007e+00
4.014954157407329603e+03 3.785171707235880149e+03 1.817256206721253875e-01
2.542925046838879098e+03 5.873790280720118972e+03 2.624574773040323716e+00
4.134808594931639163e+03 7.062495168620146615e+03 -2.041295102796990335e+00
2.724257108553018497e+03 5.772442663193395674e+03 -2.200821823484359285e+00
3.067495534478218360e+03 7.160106449093697847e+03 -8.859116107683134844e-01
2.074687890574591165e+03 6.264894669770794280e+03 -1.107548622983950626e+00
4.012904058407594221e+03 4.474273853432040596e+03 2.183157529895359605e+00
3.787597184282203671e+03 2.287640237443079059e+03 1.065711991273509796e+00
4.058954853572217417e+03 5.545343191251715325e+03 -2.391620023937585771e+00
1.832723018915515240e+03 6.509265290179053409e+03 1.514309492287478631e-02
3.944491391937801382e+03 4.509561481940205340e+03 1.093287932042715349e+00
2.049499658175536752e+03 5.479666243350720833e+03 -2.476215306072961031e+00
1.917415316313888297e+03 6.442921466330226394e+03 -3.002319345933486261e+00
3.945275492664732155e+03 1.199230182098569458e+03 -8.072518133636282789e-01
4.251719354808192293e+03 1.144390134345652314e+03 1.958333052866441548e+00
4.473961484053174900e+03 5.766203266546466693e+03 -1.709769189588876692e+00
2.183955428452537944e+03 6.456274306468634677e+03 -4.269235454357122594e-01
4.019358548401757616e+03 4.194750878720042238e+03 -2.760737625537841744e+00
4.091388478844012752e+03 1.632681632215876789e+03 1.752684276397467045e+00
4.379005275797017930e+03 5.520579606458118178e+03 -1.299663775068994553e+00
2.220903753150577813e+03 7.387472694395448343e+03 -2.377117548970708150e+00
1.966340181176228953e+03 7.775260071732765027e+03 -2.525070443815475851e+00
2.381037292946286016e+03 6.601151541600628661e+03 2.454709424129825901e-01
2.104997835389431202e+03 6.698444952208502400e+03 4.091627497588558593e-01
3.802298881024453294e+03 3.028791999678047887e+03 3.114081027183868144e+00
3.724406559587172069e+03 5.797195719270730478e+03 -3.409362123834235869e-01
3.719059861354246095e+03 2.045411131456767862e+03 9.914724232393236358e-02
3.780498218407311469e+03 6.888654431168202791e+03 1.114754140404936589e+00
3.720580403239454427e+03 2.250950189052994119e+03 3.091586821179293398e+00
2.018602878318125022e+03 5.763860967568149135e+03 -7.444283247845800977e-02
4.484105479638660654e+03 5.483724847264546042e+03 -2.338609115709511688e+00
2.274929676789663063e+03 7.758938356111049870e+03 -2.428352323168489146e+00
3.338400514337407458e+03 4.070857998231253532e+03 1.382577467797602155e+00
2.373050492968625804e+03 6.761079094303908278e+03 -2.729649392187121659e+00
3.330705047667262988e+03 5.795161995110848693e+03 -2.498543180741917169e+00
4.064153374460020132e+03 1.786981028466711905e+03 1.391867092915662241e+00
3.583204826906483049e+03 3.297815536348348814e+03 1.347236113405567481e+00
9.741588944043804759e+02 6.255231357833596121e+03 -1.676706791155741616e+00
4.135372294406965011e+03 1.116789102333487790e+03 -3.694380999353947814e-01
1.617045551037448149e+03 6.733722981616600919e+03 -2.829157904846005156e+00
3.552964622621653234e+03 5.822618634561167710e+03 1.367452137330218864e+00
3.685000726368181404e+03 1.286872184189183599e+03 2.521493482977431366e+00
3.985049315362284688e+03 5.772261098170391051e+03 -4.405589508734679693e-01
2.237402537368438971e+03 7.407325859786572437e+03 -4.372969387245325135e-01
3.843561775464596394e+03 6.929521805581975968e+03 -1.506536414161814941e+00
3.795581739687017944e+03 8.487786942479715435e+02 9.975537805549643533e-01
3.452320661954423485e+03 6.709347005477814491e+03 8.112538580503397823e-01
3.967234382414595075e+03 3.466112903318941335e+03 3.559846941118867569e+00
3.687229383936673457e+03 3.891496720592200290e+03 -1.251255585153364214e+00
3.904579300478100322e+03 7.006349874204282969e+03 3.042371461760132956e+00
2.973392728873633587e+03 4.031970263408051323e+03 1.374792287866481555e+00
2.659842331242768978e+03 5.746520685678037808e+03 2.533266412171090831e+00
3.356093590616601432e+03 7.820366929580100077e+03 2.601670244053096326e+00
4.243897189107126906e+03 6.871552044775193281e+03 -2.606972840962873850e+00
3.441949476920012330e+03 6.472113204734225292e+03 2.656261779343694229e+00
1.990138476331815809e+03 5.497743995475822885e+03 9.292464676012759384e-01
3.522367666717427255e+03 4.042781102449151149e+03 2.651680772828716837e+00
3.543831489317740306e+03 7.112542854205750700e+03 1.751521536999196327e+00
3.247817213822979738e+03 5.915072700771679592e+03 2.038363960204438552e+00
2.100194345637513379e+03 7.581357201371358315e+03 3.058610889235386487e+00
3.627664253970824120e+03 8.597630026518526165e+02 2.772364764192812192e+00
1.787698111269607807e+03 6.059103474791528242e+03 -2.114101501671962424e+00
3.342746771472016917e+03 5.907831207925850322e+03 8.365743363735143046e-01
2.531292784262628174e+03 7.152314863503089327e+03 -2.135778568927002130e+00
4.601463182421340207e+03 5.711938046354443941e+03 2.257177929260504534e+00
2.962415687834066830e+03 7.013825607833291542e+03 1.274911385213270298e+00
3.330967793009099296e+03 5.904123033338456480e+03 1.917757466240939568e+00
3.581841776992513132e+03 5.735196364402327163e+03 2.512959479552876463e+00
1.987918611125582856e+03 6.041939956334911585e+03 -1.616532147082674342e+00
3.760996095131077709e+03 9.291581724668326387e+02 -2.528394056583989080e+00
3.745798699170008149e+03 2.706391669762888341e+03 2.158617886302069078e+00
3.236728770322410583e+03 5.820632402753383758e+03 1.119718552493414121e+00
4.040326775732984970e+03 3.903040178569291129e+03 -1.587774445672165191e+00
9.317513792209979329e+02 6.759663050180552091e+03 8.994076331886363684e-01
3.710095360398526736e+03 1.772457004544041411e+03 3.223798999085359385e-01
1.003100258074136718e+03 6.303056362310278928e+03 -4.381384264227292658e-01
3.691506545083219407e+03 3.938743865467373325e+03 3.676305833554180391e-01
4.167052105365302850e+03 1.956058684790651569e+03 1.418275130232708126e+00
4.022577211885265115e+03 4.653882499030263716e+03 1.051323791438330435e+00
4.782879766110397213e+03 5.872568960902787694e+03 -1.352079424456585022e+00
2.881911824209956194e+03 5.813622948641159383e+03 -2.090220726055819878e+00
3.634704306034180263e+03 4.017063910458011378e+03 -3.296058426344705694e-02
3.705273610581107732e+03 9.531568455955426771e+02 -1.647143374780813296e+00
4.003848069661771206e+03 4.875576044128212743e+03 7.137937793628766903e-01
4.337947509194692429e+03 1.057385667300725800e+03 1.727067801570829619e+00
3.192478737042832563e+03 7.033501951004259354e+03 -2.778958605133369231e-01
1.772011579247516693e+03 5.875548030458240646e+03 1.765761215392035455e-01
2.113116981709268657e+03 7.817892466760022216e+03 -4.132311878198202115e-01
2.119842888124871479e+03 6.630537861098580834e+03 2.276898149777977221e+00
2.193159405366365263e+03 6.775373963807811379e+03 -1.021382847551573159e+00
2.090359292391667168e+03 6.120545269087067936e+03 -8.520935492079163565e-01
3.350905690815190155e+03 6.008823285089454657e+03 8.818928715746243707e-02
3.642515992365566944e+03 3.384507474765688130e+03 -1.978448711905167912e+00
3.224406473219238251e+03 7.205822445812841579e+03 2.408705391828361186e+00
4.022871512833788529e+03 3.358368145926659508e+03 -9.735003131274768684e-01
3.743620636813842793e+03 4.200226189733919455e+03 7.258215685455746691e-01
4.087776073053773416e+03 1.774283213489088666e+03 -2.142357130350409200e+00
1.200165437122778258e+03 6.608370688035977764e+03 -3.788291557479117611e-01
3.425203683172548153e+03 3.744498723812620938e+03 -1.496773767261331933e+00
3.881623346968572150e+03 2.127281725579190606e+03 1.850630729942390196e-01
3.225628197888767772e+03 7.626565117395159177e+03 2.390879863889755708e+00
3.256370475390531738e+03 7.930371393914949294e+03 2.943434047646851237e-01
4.113470226535838265e+03 5.583411546302446368e+03 4.755291177106699685e-01
9.506856533521806796e+02 6.501925129086787820e+03 4.757423763137311745e-01
3.627721428210816612e+03 4.210309138654474737e+03 6.445326270095796950e-02
3.851784541651184099e+03 3.214602605941958700e+03 -5.249886219311350466e-01
3.463294287170607276e+03 5.700807572606328904e+03 1.773913747870821567e+00
3.716031422189566911e+03 2.693605424590452913e+03 -2.731451498911054543e+00
2.066237164579185901e+03 6.191593526862409817e+03 2.644926816724835206e-01
3.900227916628560251e+03 2.394955560128289562e+03 -1.502333188369465056e+00
4.622899495744546584e+03 6.089869176554995647e+03 2.870349675463357286e+00
3.841587658891223327e+03 2.509052899200217780e+03 -1.883090967493313395e+00
3.795254059929675805e+03 2.007641832616797501e+03 -1.709194428365336860e+00
2.178389840795808141e+03 7.035036641557336225e+03 3.831660834169187124e-01
4.072688565016720986e+03 7.074844744672174784e+03 1.360913574060179210e+00
2.279501713648952773e+03 5.885454164904675054e+03 1.287643016301089016e+00
4.594256259827655413e+03 5.802951764111460761e+03 -5.664931277679503552e-01
3.819267409567312370e+03 2.560382000786618846e+03 3.775437998622736213e+00
3.537804621174251224e+03 3.968005215259472152e+03 -7.827058005651074679e-03
3.977701979539442164e+03 4.172197299310647395e+03 -1.271326154090697491e+00
2.571248787249806355e+03 7.186772664144258670e+03 -6.859231335687255848e-01
3.535557154587365403e+03 6.615253245863333177e+03 -4.196193509645359532e-01
2.014071602463908221e+03 6.301353869018668775e+03 -8.228429337882409156e-01
2.211262352383239886e+03 6.404574858838581349e+03 -2.013164202340494313e+00
1.117761378886382317e+03 6.470007089339313097e+03 7.877199967372977563e-01
4.594794337518307657e+03 5.999884931802410392e+03 -2.924635856160137770e+00
3.206381025830909039e+03 7.496758800292549495e+03 1.518372249936733587e-01
4.130497729299931052e+03 4.829460407209478944e+03 2.362288661115188315e+00
2.467629154153512445e+03 7.903084335638901393e+03 -2.046355585355768003e+00
2.459536992947122144e+03 7.058859061262720388e+03 2.211271447160746195e+00
4.233730599962224005e+03 7.124954199707119187e+03 -4.913550798105233985e-01
3.859143114611079454e+03 2.221484302174891127e+03 2.271722858893607366e+00
3.772016355685085728e+03 3.453702365715816086e+03 8.235225918852746574e-01
1.996404663650273505e+03 5.883347106375655130e+03 6.388412772116149885e-01
3.236372962293836736e+03 5.715779558955272478e+03 -8.501531776814715835e-01
2.192168605107488020e+03 5.915561025491794680e+03 2.422067221301777984e+00
1.527030912573953856e+03 6.003417513273792792e+03 -4.094431408879273815e-01
1.135935801117398114e+03 6.616185832473445771e+03 1.960830352034604429e+00
2.111652726335314583e+03 7.470595087186480669e+03 -2.791078763915015859e+00
2.303390210202830986e+03 6.810884967978695386e+03 8.908878315161150585e-01
1.745207303639638212e+03 6.139081820439851072e+03 -6.262101306947814860e-01
2.284230509009506932e+03 6.994030659208850921e+03 -2.922338939908250000e-01
2.213271322237187633e+03 6.168048427359987727e+03 -1.039510061308858813e+00
3.721039642408681175e+03 2.166567726194892657e+03 6.627020718177472069e-01
3.019964683129157947e+03 5.886922247442878870e+03 1.753101043766935874e-01
4.114659288118864424e+03 5.243738136819222746e+03 8.175086255692609605e-01
1.145910899688599329e+03 6.752133456732682134e+03 2.581299083619522428e+00
2.192506422541122902e+03 6.799075549699927251e+03 -1.353014355337441854e+00
3.887980632033987604e+03 5.677918061806030892e+03 1.250194749738169131e+00
4.621490077875713723e+03 5.688108518640491639e+03 -2.179569735855507062e+00
2.200792874361266513e+03 6.475122724712367926e+03 -3.723860347850101782e+00
2.218625471742628179e+03 7.114980726384530499e+03 1.626816378266184859e+00
3.875750302489421756e+03 3.368310797967763847e+03 9.531176673860995985e-01
3.782194412883061432e+03 2.595406660727951476e+03 -2.382479081476655658e+00
1.355686777811215734e+03 6.492913525516870322e+03 -1.659862147395768872e+00
1.842981977500866606e+03 6.622810964025013163e+03 -5.826230807405244905e-01
1.749205566962006969e+03 6.282522474513854831e+03 2.436829270597231367e-01
4.367161855075694803e+03 1.048663256688583488e+03 3.440517596178550019e-01
4.085771311030171091e+03 3.948919906501730566e+03 -8.017967497153825063e-01
4.649219031135431578e+03 5.922878290281653790e+03 -1.979671633935812691e+00
2.315651412497695219e+03 7.958110606338574144e+03 -8.350411099244201552e-01
2.279138561193642545e+03 5.964222924768934718e+03 1.987811379659417899e+00
2.162015250100862886e+03 5.699089728626232500e+03 -8.161033235454752122e-01
2.105060461504675004e+03 7.055160817691805278e+03 -6.182695962387667610e-01
3.915248222360964519e+03 4.225300085795386622e+03 2.181235440024862804e+00
1.375794189325851221e+03 6.491744311646280039e+03 -2.721545542136969864e+00
1.548006079986748773e+03 6.572878392128358428e+03 6.886165469084878366e-01
1.532344365310618059e+03 6.014131463157683356e+03 -3.460075606783256763e+00
2.256949979663589147e+03 6.612703770334024739e+03 2.470019236920235617e+00
3.937035104640313421e+03 1.136831971160207104e+03 1.410443392777584459e-01
3.202166700055154251e+03 7.815060168122848154e+03 2.572516041793518893e-01
4.120464800073941660e+03 1.178747883027570197e+03 -7.729517898693571976e-01
3.738821872641547088e+03 7.059452213121993736e+03 -3.063506062949133746e+00
2.047093477205411546e+03 5.673514443177019530e+03 -1.890611980646027090e+00
2.441530467755383143e+03 7.019825542690814473e+03 -1.215835349772300011e+00
1.094922285948287254e+03 6.400177829004360319e+03 -2.100248777595829619e+00
3.788141146746679624e+03 8.258627685354518917e+02 8.928511602978389528e-01
4.222608085497981847e+03 1.751902619980704458e+03 -3.088189793200586841e+00
2.140423019332285548e+03 6.946417778898520737e+03 1.504523046781893303e+00
2.615615807222191961e+03 7.085899106383676553e+03 -1.197041977606526419e+00
3.796414705034319013e+03 1.600144488145576133e+03 3.753411460590653226e-01
4.141289873887466456e+03 7.053284951381512656e+03 -1.352444993379729787e+00
3.876634111927201957e+03 2.198404019535654243e+03 5.940578973550351138e-01
3.617285659297786879e+03 5.736963187254209515e+02 -1.981042575078331147e+00
3.822503634132119259e+03 1.802375791693646306e+03 -1.695284447013613027e+00
1.914955066500530847e+03 6.498716467970325539e+03 -4.913506149989343430e-01
3.146009061379400919e+03 7.820322487648146307e+03 -6.490037801063884837e-01
4.454162665537430257e+03 1.781810741565008357e+03 -4.445571271958154158e-01
2.491965164071980325e+03 7.019000587092535170e+03 2.635082125429216160e-01
3.342238377185448371e+03 6.048864154580156537e+03 1.795722600952723402e+00
3.926149676281149368e+03 3.418830953122670508e+03 1.722617181142096054e+00
2.841673201658870312e+03 5.840856602170211772e+03 -2.623984181038925723e+00
2.989904349021050621e+03 5.833976431712241720e+03 -1.445212445946969959e+00
3.466148813651191176e+03 4.629396632012050759e+03 2.326023295138209601e+00
3.722476443767561250e+03 1.721106758323705662e+03 -1.900796327935848185e+00
4.200995509863189000e+03 7.088233050352088867e+03 2.556239478026164580e+00
1.602108889251770734e+03 6.512099783978916093e+03 -2.186115963921243743e+00
3.223336776101511987e+03 7.215555167286682263e+03 -2.634813478009676135e+00
3.949589209524122907e+03 7.041321404947472729e+03 3.642877901645850680e-01
2.561282648337033606e+03 7.102058218566200594e+03 3.597558775293254740e-01
4.068924899903889127e+03 3.621045548100486485e+03 1.850834789799805424e+00
1.092656104925064028e+03 6.666397887182681188e+03 2.515304402494201508e+00
9.568855469886173069e+02 6.331104854853614597e+03 -6.107123609424397470e-01
4.070865919343938003e+03 4.082107861444319951e+03 7.643081303848920927e-01
3.690204178435962604e+03 2.136332896841149704e+03 2.973459377273430793e-01
3.559817570428541785e+03 5.740453089085683132e+03 -1.387329480152366790e+00
3.116968706013673454e+03 7.442664114660099585e+03 -1.424039909999477604e+00
4.258666934714602576e+03 7.086039977429445571e+03 -2.898011408483914142e+00
3.827979229974757800e+03 2.712989164843067556e+03 -8.268379965630288098e-01
3.828139294482264177e+03 7.144355053397547636e+03 -3.119317384605975740e-01
3.442020466736094932e+03 3.468077363183846956e+03 2.189206891232749752e-01
3.278295750885682992e+03 6.200736937145216871e+03 -1.320321335545564967e+00
3.996349604072939655e+03 4.862472027599851572e+03 4.236941382655483590e-01
3.897202822460250900e+03 3.702301216557810676e+03 7.622510981553509701e-01
4.140205645925651879e+03 1.802739808879833390e+03 -5.266039647617770658e-01
3.295546290134216179e+03 7.746636694474699652e+03 9.886379811450615729e-02
2.166035645725733048e+03 6.304185947996054892e+03 9.893238061690116103e-01
3.232077439805655104e+03 4.180697867532341661e+03 -6.472736316739595708e-01
2.443208225188092911e+03 7.094634764802651262e+03 -3.022889851477076117e+00
3.076101515414971800e+03 7.096238839018208637e+03 2.277486424982778868e+00
2.140573617706948880e+03 5.447275054369017198e+03 -1.746866390865955854e+00
1.918804016223657072e+03 6.739075223645217193e+03 2.400090671683377253e-01
4.513922469956133682e+03 5.984944219320601405e+03 -1.725582784329391384e+00
4.702422263906734770e+03 5.821204959766713728e+03 1.945394368041200250e+00
1.480938429130847908e+03 6.470047542673391945e+03 -3.488606110336571475e-02
3.853203529100878313e+03 7.105047862588023236e+03 -4.441434149914606500e-01
1.240852016035529232e+03 6.407660463424574118e+03 1.628817412053983782e+00
1.577402477392059609e+03 6.433856500716537084e+03 6.458296661641363956e-01
3.932897928282631710e+03 3.525865541636569560e+03 -4.640996058804525148e-03
3.833115021800890645e+03 7.052421216713982176e+03 -1.644567467863199184e+00
4.045376428485762517e+03 7.081105673347466109e+03 -4.228996748463180744e-01
3.556263095856420478e+03 7.074382077395407578e+03 1.009709984719194598e+00
3.414145337778145404e+03 5.935722632396271365e+03 9.040794880721565452e-01
3.466501082042781945e+03 4.040053608936716500e+03 -7.427171996923384034e-01
2.325901563807384719e+03 7.118448818597093123e+03 9.098227025638031540e-01
3.416879589338523601e+03 7.033936835377517127e+03 -2.983704365657121382e+00
2.372713716905992896e+03 7.043914145653606283e+03 1.320794088482567741e+00
3.925557862552153892e+03 2.443245471296901542e+03 -1.211463019797267560e+00
3.384693311646455186e+03 7.073000789227236965e+03 -2.002626090128717617e+00
2.305444726919466575e+03 6.170796927810556554e+03 5.506411565909055117e-01
2.064549613239294104e+03 7.995844121863249711e+03 1.985154534952942473e+00
3.513723358639764683e+03 3.392755232837206677e+03 -1.162427947974987497e+00
3.788076022393691801e+03 7.102715800674217462e+03 -2.231653980339519894e+00
3.213873712551143399e+03 4.081592210825795974e+03 1.033497913419888226e-02
4.654305525045169816e+03 6.050769903990231796e+03 -2.250234095921526123e+00
3.786506361269788158e+03 4.004436253769319592e+03 -2.988809150419549976e+00
2.203513388605003911e+03 5.810777675487905981e+03 -1.961186181113985683e+00
2.487300103951266010e+03 5.894656281264794416e+03 -1.554537518384252470e+00
2.346194384973269734e+03 6.172179814450282720e+03 -2.605049356869323152e+00
1.780207710282378912e+03 6.561842218456074988e+03 1.575549236573676959e+00
4.019928085250230652e+03 1.609242162833741531e+03 -2.218779859090696416e+00
2.720980172267763919e+03 5.780850819774253068e+03 1.969309506127156828e+00
1.308459605909698439e+03 6.326983082449063659e+03 2.627221404132808136e+00
3.605592032882816966e+03 3.296748973880931317e+03 -2.238260304583462035e-01
3.775611492699076734e+03 5.212757244283320688e+02 2.574299092252360310e+00
2.225339430713054298e+03 7.990624672184442716e+03 -2.945351535658367936e+00
4.091851571633026197e+03 5.086827514225586128e+03 1.819184683299818861e+00
2.315153200896456383e+03 6.493484817743302301e+03 -2.175802474930496277e+00
3.444489536413169844e+03 6.560538908540702323e+03 -2.306857280069517291e+00
4.176943400432588533e+03 1.590932027324734008e+03 -6.913195921356309892e-01
3.961008568253981593e+03 4.848434474407079506e+03 -2.400695442473546493e+00
3.591026479629419100e+03 9.238380235651031853e+02 -2.652729297347728554e+00
4.124777397191815908e+03 1.914435608510789734e+03 -5.881908915666161919e-01
1.914251971959977709e+03 6.233573718703104532e+03 7.214935344742235968e-01
3.775146134989832262e+03 6.985010767331045827e+03 -1.773183911921130673e-01
4.469337186456100426e+03 5.818127075609549138e+03 6.491957296437409486e-01
3.993909363631381439e+03 5.353455028332606162e+03 -2.986518917614116031e+00
2.191391869551534455e+03 5.896332712256749801e+03 -2.367400286458049674e+00
2.788562467126757383e+03 5.823471075083761207e+03 -1.096185414733191532e+00
3.345994957707804133e+03 6.002204779636522289e+03 -1.811525022896399495e+00
3.840740000435851016e+03 2.015098892942650536e+03 -2.474784736695081033e+00
4.035323526301015590e+03 1.638703723635554979e+03 -5.479673984859670943e-01
1.900520159731188187e+03 6.709502958593187032e+03 1.074407838004882709e-01
3.765012105745197459e+03 3.954131919668067439e+03 -1.621555165286997724e+00
4.204204122548797386e+03 1.238993986027427127e+03 -1.043350105661446037e+00
1.531230398518643597e+03 6.383470727618118872e+03 -1.574213608549426269e+00
9.151259678477155148e+02 6.438301562719151661e+03 -2.419052428212211669e+00
3.607858437762386984e+03 5.846090264862830736e+03 4.278817556612283246e-01
4.456113605004186866e+03 1.181324845263253792e+03 -1.975971865725524079e+00
2.430547874271129331e+03 6.756556537162564382e+03 2.091729031300378683e+00
3.747788778079475833e+03 8.605982390287830412e+02 5.388437520263825165e-02
3.429281045248116243e+03 3.480349730770172755e+03 1.423138636215789621e+00
3.491577622208590583e+03 3.293131416281773909e+03 -9.804824865791273991e-01
4.330387802948800527e+03 1.123113183981497286e+03 2.664113218816575035e-01
4.016934394458326551e+03 5.802601371342602761e+03 3.087970597037328346e+00
4.294650571607979145e+03 7.143768224011408165e+03 -2.209483855998434887e+00
4.159750491856253575e+03 5.058448265320152132e+03 8.536229636579069080e-01
3.930803703506284364e+03 3.931062366037490392e+03 -6.468984649302487178e-01
1.882314943576833457e+03 6.392373539573172820e+03 1.537740900152299250e+00
2.068245974995861616e+03 5.721578935154953797e+03 -1.503374905204623468e+00
3.177178791445690422e+03 7.600630680200384631e+03 8.238817452919182660e-01
4.027457176027220157e+03 5.105237880358584334e+03 -2.563713942792065659e+00
4.221716491948083785e+03 5.268916467064806966e+03 -1.914983578071405290e-02
2.462566664162579855e+03 7.025797643137587329e+03 2.786778853699024006e-01
2.413279760027875000e+03 5.868638395196998317e+03 5.296248358216348873e-01
1.584236925850422949e+03 6.428832121441339950e+03 -2.172613481192491758e+00
3.804633717383761450e+03 2.482884610844017516e+03 -1.198829945921535467e+00
1.310533555298580040e+03 6.362703835537869054e+03 1.845000866667211969e+00
3.712851794191421504e+03 4.857928373952908032e+02 1.423683396424979097e+00
4.079241550452626598e+03 4.662032188046035117e+03 -1.139000721705813790e+00
3.885689089199100636e+03 5.104786272803419251e+02 3.090908055685205547e+00
3.958086847749602384e+03 5.718863439230580070e+02 2.035495081016997609e+00
4.238324397521257197e+03 1.222921398653755887e+03 4.059233992751655196e-01
3.412698892648187211e+03 5.878721792601334528e+03 2.259397182231867252e+00
3.469531124509070651e+03 6.332208417743878272e+03 -1.206277288984124674e+00
1.601221168182022211e+03 6.405809545966300902e+03 1.893071449809755169e+00
3.410982420368505700e+03 3.955958787292414854e+03 -3.440333374641202369e+00
2.774908891996440616e+03 7.017303959256036251e+03 3.146195049638305097e+00
3.967536749621250237e+03 3.002045324838989018e+03 1.582330609321609627e+00
3.564766359712133635e+03 4.632012174691048131e+03 -1.301671573140217086e+00
3.399753526265769324e+03 4.247236887154384021e+03 7.970440631627101480e-01
1.769516807264937597e+03 6.439251967714733837e+03 -2.785677871966741215e+00
2.147843100653061811e+03 6.716641208323488172e+03 1.153136956209721564e+00
3.935622229773909112e+03 1.611227078104775501e+03 -2.566584399959602969e+00
3.342455701424739345e+03 3.931827046278572652e+03 2.145649345352629300e+00
3.563309034430027623e+03 4.653298920375716989e+03 -5.071946412088895739e-01
4.640813788381441555e+03 5.442749100987330166e+03 -3.617637403380827621e+00
3.884324280973161422e+03 2.086981998467982066e+03 -3.232857411925473379e+00
2.217399002861341160e+03 6.075032693512501282e+03 1.745770420788228305e+00
3.658948575315904236e+03 5.811225357133157559e+03 -1.614548408026108106e+00
4.474336692786297135e+03 5.559183630483296838e+03 1.785938636887789865e+00
4.671608240226831185e+03 5.916258787839869910e+03 2.023893064326754754e+00
3.855745839446720765e+03 5.515560073050345409e+02 2.803613173001633818e+00
3.673985926329017730e+03 3.364393479354810097e+03 1.570180999617333706e+00
3.830816065742696992e+03 3.146812579790468135e+03 -1.507421546047900129e+00
3.842855838147443592e+03 2.707810267177520927e+03 2.862796326913214617e+00
3.412151661351398161e+03 6.704228352721401279e+03 -7.400391337879540510e-01
2.178886218131933674e+03 7.529226165510735882e+03 -5.603512751537528258e-01
4.067686041584270242e+03 6.894321104851635027e+03 1.173345744490249254e-01
4.429592098490506942e+03 1.118218745397209204e+03 -1.509763653687652418e-01
3.775146325298968804e+03 2.263585181062954234e+03 -1.052664708439256858e+00
3.104419446013133438e+03 5.761733600430729894e+03 -1.054056466564191608e+00
1.884709712542092575e+03 6.663097321089514480e+03 2.318007102449695100e-01
4.089292924533438963e+03 4.464007960372125126e+03 -1.168273691756349653e+00
3.359809518277350435e+03 6.062613877373537434e+03 -9.446722519486692171e-01
4.025876694238773325e+03 1.313726141897155230e+03 -7.257498420520025473e-01
4.179165414125557618e+03 4.688269709293322194e+03 -6.472214671377951589e-01
3.988124132463982733e+03 4.319547219645143741e+03 3.136175996095266760e-01
3.904287111332211680e+03 3.327595992608345114e+03 4.846163263718944458e-01
3.898066629459488468e+03 3.467266009437864341e+03 2.845557067192596712e+00
2.209527717331741769e+03 6.024108094191384225e+03 7.398703240793911284e-01
4.035402577478674175e+03 1.935868853409177063e+03 2.967792265738441682e+00
4.287283923396629689e+03 7.059058543130959151e+03 3.544227648865744262e-01
3.896394842974290441e+03 2.851365235023097284e+03 -1.665515359119445149e+00
4.160994378102735027e+03 1.942640704755629258e+03 2.536342202470275975e+00
2.081964389717943959e+03 7.857574857754154436e+03 2.626415793057605530e+00
2.269686945859944899e+03 6.090591614642988134e+03 3.624576063562540362e+00
3.918149507949940471e+03 2.113564457898952242e+03 9.593123258882005344e-02
4.678817013876463534e+03 5.789100744962040153e+03 -1.908270995551339722e+00
2.067763066637984593e+03 5.628300591521599017e+03 8.697264797009907067e-01
1.989526484614309993e+03 6.543137510910420133e+03 -6.221171094864417217e-01
1.524071615867284208e+03 6.580768648459117685e+03 1.714211844862540302e+00
2.254226600396215417e+03 7.185249553635620941e+03 6.290325127781272174e-01
4.278754398779506118e+03 1.855554025650883659e+03 1.070219597661407951e+00
2.447946003286231644e+03 7.141302319043271382e+03 3.159453248221865351e+00
3.500295207010262402e+03 5.835599948902594406e+03 -5.861570982836704635e-01
3.607204790429369496e+03 5.659538195888986593e+03 -2.773648275520498085e+00
4.018640022756040253e+03 3.326467939223420672e+03 1.858740184114770766e-01
1.741216637638167640e+03 6.284420008591243459e+03 -1.581597806106420201e+00
3.379485163612878296e+03 3.942813974493245041e+03 1.869999588466329410e+00
2.293829621990425949e+03 6.944556618834950314e+03 6.140941475580269371e-02
4.102096185057902403e+03 1.083062813725019851e+03 -1.376261049779828660e+00
2.658500612599407305e+03 7.131861766286390775e+03 4.117386659636599888e-01
3.482721115838206060e+03 6.276462449207053396e+03 -8.609154738724651423e-01
3.857148723760967641e+03 2.951568800868415110e+03 1.103278489986728950e+00
2.163264526062849200e+03 7.195909833637493648e+03 1.414167428941003335e+00
1.161291585735975104e+03 6.653932278496735307e+03 -2.220223153519352621e+00
3.359222851493345388e+03 6.963935818942207334e+03 -6.664350735568153050e-02
1.968434575103322231e+03 6.015761416124070820e+03 2.762253244491036597e+00
3.482624937029011107e+03 3.895296884106674952e+03 -1.048797509335386291e+00
2.356082927651870705e+03 7.161268841660217731e+03 -2.617766887566364886e+00
3.985796756113920310e+03 5.228855790459739183e+03 1.063757861128661997e+00
2.033795295960402655e+03 5.362632605102433445e+03 -1.131474843689602716e+00
4.024218913325805261e+03 1.052896578409362291e+03 1.849181252787396978e+00
3.771131757725015632e+03 1.931799998677337726e+03 1.925324287077671004e+00
3.286081069379054043e+03 6.045294174386948725e+03 -1.644230592749201580e+00
3.641007966179510731e+03 4.566179078589125879e+02 5.584849107609695107e-01
3.759813858862275993e+03 7.027445018390430960e+03 1.753986054875368295e+00
4.664423120464450221e+03 5.915079801531504927e+03 -3.473220635317264549e+00
2.161018982219806276e+03 5.955518906630283709e+03 4.408515850535046354e-01
3.355849609152953690e+03 3.763804079168869066e+03 -1.765936374014031474e+00
3.659506893540749388e+03 5.648438960474122723e+02 -5.324477207164095283e-02
2.381226263808611748e+03 6.196969874353640080e+03 3.074972860759729310e-01
3.651822319834731843e+03 5.122717252261151089e+02 -1.139664959823134760e+00
3.729992444718771821e+03 2.238144225421063311e+03 2.955020087649586014e+00
3.371116458338660323e+03 5.797145977479380235e+03 1.881360023184462493e+00
3.383056047088876767e+03 5.715664328740433120e+03 1.324335407302656087e+00
4.046546232922535637e+03 6.893171314955121488e+03 -9.323965293359923745e-01
2.051640727859616618e+03 6.455803585528633448e+03 -2.588734277648457649e+00
4.014868188118457510e+03 9.638162062348114887e+02 4.069026997913522958e-01
2.164388044907230778e+03 7.458394336387728799e+03 2.930526171750322373e+00
2.102593895044051351e+03 7.034037220330874334e+03 -1.209732983732454192e+00
2.199505753113546234e+03 7.912189972879109519e+03 -1.494333937642592813e+00
4.010370636051785368e+03 4.831623450579413657e+03 -3.164669767700718950e+00
3.682866705937747156e+03 9.826755499403353724e+02 9.044149808338711738e-01
2.198590406635933050e+03 7.720167956104449331e+03 -2.410299379935916531e-02
1.833219523717933953e+03 6.786205002409200461e+03 9.830142013465249518e-01
4.169979696492418043e+03 1.093573837324498982e+03 -2.282583362913241376e-01
4.064382003779287970e+03 4.882361039039403295e+03 -7.658514356993234573e-01
3.912241450025465383e+03 6.258251909384066494e+02 -2.908139287853400035e+00
2.299092184220614399e+03 7.214997641820825265e+03 -1.989222383356720636e+00
3.754527950452468758e+03 1.397890533034004648e+03 -3.152675630488349867e+00
3.344639167697615903e+03 4.112706045509195064e+03 -3.047670009413893322e+00
2.278292808388821868e+03 6.210072356498026238e+03 7.654291689533122556e-01
4.204862727594760145e+03 7.047111713299701478e+03 -1.598650016406496510e+00
3.755609848584318115e+03 5.651046974796045106e+02 -3.113679653355441612e+00
4.018492809711285190e+03 1.746532522715801406e+03 -1.954346198574079096e+00
4.084343739643041317e+03 1.754323947704516968e+03 1.758148050623622893e+00
2.267279716392451064e+03 7.191664781948210475e+03 -1.272157070936490442e+00
4.037786209289376529e+03 5.486621889569017185e+03 2.803109403279790968e+00
1.423537827642752745e+03 5.994277787660674221e+03 1.794101723142446314e+00
3.643039442509227683e+03 6.363883180202986978e+02 1.846846344535412410e+00
3.950207219041352801e+03 4.311683482775107223e+03 -1.119759050472231676e+00
3.331343713237945849e+03 6.375935655501762085e+03 2.974219017408912258e+00
3.331046215544724873e+03 6.355295516549997956e+03 1.829527446254733125e-01
4.267233459220509758e+03 8.778224313368605181e+02 -1.586367183590775110e+00
2.133487714566151226e+03 7.565167093044801732e+03 -2.900491228279704181e+00
2.206495070226753342e+03 6.337166463340116024e+03 3.077154722028905762e-02
1.513909396579690565e+03 6.315005598236140941e+03 -1.897357936337021211e+00
2.202149209167708705e+03 6.831492612206262493e+03 2.564239420415032278e+00
4.027796620417942449e+03 3.801969442108370913e+03 2.821388336068619385e+00
3.199378737257574812e+03 4.338531497893094638e+03 2.267328488014280552e+00
2.538177671815056783e+03 7.102202006609002638e+03 1.911430957947935605e+00
1.057884373312448815e+03 6.296517998699348936e+03 -9.924491584287309376e-01
3.525388965372033908e+03 6.618247180341883904e+03 -1.727878870569379943e+00
3.711798915944026248e+03 1.552291036185501753e+03 1.721370914758191040e+00
1.994936614557371286e+03 5.276035529246569240e+03 -9.620415435526326053e-01
1.635553977723295475e+03 6.535559066756519314e+03 1.664870247661184854e-01
3.697847954688801565e+03 5.839908492383574412e+03 9.718628657995412867e-01
3.910789105108101921e+03 2.175686598975340075e+03 -1.099207712712559903e+00
1.930326523606622004e+03 6.440884806003082304e+03 -9.365574016476733155e-01
4.224918253120770714e+03 1.749467450552189121e+03 -2.413112041914423411e+00
3.111224349394186902e+03 3.846515680308208175e+03 -3.128657996702686184e-01
3.657166018028216513e+03 5.719765581241115797e+03 -6.533350384749280204e-01
1.784422062329849950e+03 6.653955868813145571e+03 2.079591703765506228e-01
3.053299102004116321e+03 4.311819974963709683e+03 1.096797617116567869e+00
3.464609308271447389e+03 6.351944146354666373e+03 -1.425328849902188499e-01
2.277650684415551495e+03 6.171509335348331660e+03 -1.272917300189392531e+00
3.731833118742169063e+03 5.707215429789222071e+03 -1.401792447738512415e+00
1.211340914561708360e+03 6.739629576895181344e+03 3.807353827413953451e-01
3.790227669197834530e+03 2.827350327056270089e+03 -2.214154356928891509e+00
2.276717406047010627e+03 6.088003835808487565e+03 -6.378520578905281235e-01
1.569347068087910884e+03 5.822569532534119389e+03 -1.268475022949804853e-01
4.589180981809412515e+03 5.726216156890569437e+03 -3.521787840347347043e+00
1.532129366626728597e+03 6.073307774448629971e+03 -1.129472687463487945e+00
2.448429617717325527e+03 7.875177741852273357e+03 -1.559409739013991159e+00
2.243089221282108156e+03 6.919130119768541590e+03 2.839174542062164353e+00
3.788572927979440919e+03 1.280784906990844320e+03 -2.606598710945985164e+00
1.764200439991284384e+03 6.070596218324663823e+03 -2.833646836175100603e+00
4.125041930217602385e+03 5.111236890354463867e+03 1.915790066636392508e+00
2.433928104975424503e+03 6.548156921085753311e+03 -2.442159102979417629e-01
4.417616690066240153e+03 5.595459675580771545e+03 -4.173258985829710332e-01
3.408718701051308017e+03 7.713848966545696385e+03 -1.209519439699927590e+00
3.713672945044076641e+03 2.193047497264121375e+03 1.288935744202942102e+00
4.414038256454177827e+03 9.281105836754194343e+02 1.911082749584079199e+00
1.057180769750750642e+03 6.677000281456133962e+03 -5.038741299669735607e-01
4.351283786533696002e+03 1.186977298294524871e+03 3.845990036433966086e-01
2.742156459193452065e+03 7.135963585903112289e+03 -9.202190051369296686e-01
3.799306401461968107e+03 4.036262455789610158e+03 -2.750258385842134778e-01
3.610392738771603945e+03 5.760625074413969742e+03 -1.655215264475792480e+00
1.190917106334121627e+03 6.427470320910997543e+03 -2.265713160034600993e+00
2.101685398494346373e+03 7.716862218864502211e+03 -1.466028225946533148e+00
2.067556306395186766e+03 5.259400612865684707e+03 -1.103491005134053626e+00
3.840491016885078807e+03 3.236102821281743672e+03 1.622011002953656522e+00
2.333914277960151594e+03 6.763606498286886563e+03 4.967148493936446307e-01
3.994492339006143993e+03 1.527986267576541877e+03 -2.127898934425264676e-01
2.371527727792416044e+03 6.726123430931682378e+03 -3.060183667173079769e+00
1.916039651342140587e+03 6.713165330296032153e+03 -2.132198031386468351e+00
3.862668597806906291e+03 3.043970145581924498e+03 -3.206693268406958008e+00
4.112300346070829619e+03 4.516822596240092935e+03 -4.173882807328948452e+00
3.807922199318144067e+03 9.094434164465200183e+02 -2.935386051201005486e+00
2.063124063684248995e+03 5.503153711094993014e+03 -2.658582049122125479e+00
3.385294160571009343e+03 4.098940915374912947e+03 -2.638091617079022289e+00
4.188314044751068650e+03 1.599585678392558520e+03 -8.949398521438345355e-01
2.306711935182406251e+03 7.857974811543855139e+03 1.506916245749311267e-01
1.674849545835821800e+03 6.597953799535502185e+03 2.709038114458755864e+00
3.451531684136370131e+03 3.954526845995545500e+03 6.612562983491353519e-01
1.852077368210475242e+03 6.245275815578334914e+03 -1.433976667906488034e-01
2.934443643690821318e+03 7.045543862182199518e+03 3.015778556655627440e+00
2.059743689362911027e+03 7.124967801015882287e+03 6.853949646096422210e-01
1.806484229172333244e+03 6.359627721066654885e+03 6.346112346612652333e-01
4.408894271159435448e+03 7.114776492438732021e+03 -3.382481436307361200e+00
2.402469637193678409e+03 6.968038330477964337e+03 1.264565511451054558e-02
1.212291383310448737e+03 6.309107620961747671e+03 -3.105964974899365072e-01
3.740060615512225468e+03 4.992725142361034614e+02 -1.418281498912648875e+00
3.821156112251474497e+03 1.780240614268802119e+03 -5.537505089703653738e-01
4.057576735637992442e+03 5.711175590117201864e+03 -1.972420740342226919e+00
2.259152973406085039e+03 6.637367489515459965e+03 -2.102011639268429821e+00
4.161701890181625458e+03 1.123841658067133494e+03 -1.840236939380686332e+00
3.451002600397672268e+03 4.620434454732117956e+03 2.451464402563534151e+00
1.537394601938533924e+03 5.979567466073793184e+03 -2.945411928354046083e+00
2.412594311613080663e+03 6.737454859610557833e+03 -2.348398126072134495e+00
3.756933656144808538e+03 7.117126580912608915e+02 -2.911437885698926031e+00
1.115721626950400605e+03 6.304956156321125491e+03 -1.635156944554652769e+00
4.064841100225572518e+03 3.995421391965114708e+03 3.003991699652834857e-01
1.618582477155642891e+03 5.987191468723362050e+03 -2.171971973967689706e+00
4.084039682923727014e+03 4.894159298977110666e+03 1.700949281890009157e+00
4.046942184082670337e+03 8.592382325909162546e+02 -2.783187003519586256e+00
3.466948342382243482e+03 6.525155316308076181e+03 -2.841388745354768819e+00
1.936286543451439911e+03 6.567246830905462957e+03 2.318819886399692720e+00
9.253400860258458351e+02 6.480943418242211010e+03 3.146603106346846701e+00
4.393991107011162057e+03 1.899484919459193634e+03 1.699903793834776078e+00
3.660234209475498574e+03 4.595667840172115461e+02 7.262416301205720792e-01
3.816011391319377253e+03 2.121840910577492195e+03 3.136548288579508181e+00
2.542608918692090811e+03 5.933344453585411429e+03 2.556452308482893176e+00
3.169147516752760566e+03 7.104507619345047715e+03 2.539115363951542914e+00
1.995545163094616555e+03 6.617025878547491629e+03 -3.265242815184070668e-01
4.092450028599186226e+03 3.860820879574538139e+03 -1.771007784467032720e-01
1.957561139733772507e+03 6.561613241824006764e+03 1.371637634164222908e+00
1.744034110464525838e+03 6.388776150108238653e+03 -6.962708655725081686e-01
4.506855898202849858e+03 5.702381661905939836e+03 4.504172186455396298e-01
1.925000250619613780e+03 6.908333591392863127e+03 -9.440906421273519422e-01
4.010779609305662689e+03 4.099572249720987202e+03 1.879493755317137138e+00
2.109180391291458818e+03 6.426181409868760966e+03 -2.666692992978350052e+00
2.522506546242477270e+03 6.995833860936250858e+03 -2.193753217767208774e+00
4.167138802357167151e+03 1.735790596959386903e+03 -2.483636081742439661e+00
4.106240072710347704e+03 1.033677580235041660e+03 -1.296156074413337800e+00
3.341979394372830939e+03 7.830554393702110247e+03 2.153503744946166698e+00
2.950663421257409027e+03 7.114986147799105311e+03 1.551739461013557086e+00
3.127860753538006975e+03 7.618412370591634499e+03 -1.328788655292936438e+00
2.220600084050782698e+03 7.749566814978283219e+03 -2.217086022768295361e+00
4.391878581584682252e+03 5.590146306695994099e+03 2.816643843825028526e+00
2.232656173620943264e+03 6.909128189898884557e+03 -1.696541647248732021e+00
1.443880397849566407e+03 6.555799636334370916e+03 6.989016232578546539e-01
1.991542291598291058e+03 5.424057014700527361e+03 3.493446746742897790e+00
4.215191588717387276e+03 5.718652863077430993e+03 -1.486548500688998686e+00
3.412066067669301447e+03 6.233635356726616919e+03 1.857830139472659958e+00
2.591625782010959028e+03 7.071935434765538048e+03 -2.585036664741390933e+00
4.649384597781213415e+03 5.429176783947007607e+03 2.848285246930302606e+00
4.148996397160726701e+03 8.946185840313078188e+02 1.319545653046211964e+00
2.137763845556109572e+03 7.486965213009159015e+03 -3.627919423774667029e-01
3.849561347525906967e+03 9.499990054482432242e+02 -2.106625004571307080e+00
4.286393007076122558e+03 6.866954889606534380e+03 -4.406685863136574621e-01
4.149802268730582000e+03 4.341452866529655694e+03 7.635561703458304539e-01
4.009644000665841304e+03 1.218731190877165773e+03 -2.010293962328925765e+00
3.211649592601969744e+03 5.793915599843714517e+03 -4.575342001475618536e-01
3.738893673465773190e+03 5.665311520735969680e+03 1.984601966022407238e+00
2.068590834663215446e+03 7.114703808477709572e+03 2.626412870933847898e+00
4.376464905282879045e+03 1.124738292380661733e+03 2.075852827625217945e+00
2.417999648436379175e+03 7.151560617518124673e+03 -1.004591373296760182e+00
1.472051747119752463e+03 6.708455073698899469e+03 -3.862327819358064573e-01
1.130039996497423772e+03 6.597413991047417767e+03 -2.138371671403564545e+00
4.142750698510960319e+03 5.121625787312417742e+03 -1.965588520388009464e+00
2.107618485631081057e+03 6.880309513423185308e+03 2.155236639529337861e+00
4.053018211503127532e+03 9.678170999426802155e+02 1.597738923518307708e+00
3.352640559065847356e+03 7.081775713242913298e+03 -2.361550577644971671e+00
2.628224761532987486e+03 7.122508272603959995e+03 2.719221733465406299e+00
3.418937271370769395e+03 7.735401212680899334e+03 2.754307448294718075e+00
1.550267072298605171e+03 6.075532485888283190e+03 -2.751474001604496511e+00
4.456661192916381879e+03 1.165483773284814788e+03 1.453028138714943518e+00
2.135759679042175321e+03 7.019073220608998781e+03 1.424263356835046679e+00
1.611272284273791911e+03 6.132502425789687550e+03 -5.667392185854660536e-01
3.244024691331940630e+03 5.772572502350953982e+03 4.901217995283327911e-01
2.247202587249234966e+03 6.354038945862177570e+03 1.828320023523571480e+00
3.820422213091654157e+03 1.251198636926432300e+03 -2.441890045706772927e+00
4.608182770261912992e+03 6.055014941010302209e+03 -3.255647948780603596e+00
3.263058987857338252e+03 4.663056463211054506e+03 4.965394104467305558e-01
4.101172633691248848e+03 5.795951963246488049e+03 -1.035964693912875711e+00
4.374912793771984070e+03 1.012977033692172768e+03 -1.391683464135376580e+00
2.040644002928647296e+03 5.447709281116637612e+03 -4.800567404634185076e-01
3.906555467519347530e+03 3.648762348992331226e+03 2.376274519180440414e+00
3.879488133670441130e+03 2.653055579912406301e+03 -2.897144324434955287e+00
4.388452994633941671e+03 1.065958408311240873e+03 -3.074120731747194135e-01
4.602784063037329361e+03 5.777572178776666078e+03 1.338467101717373708e+00
3.789187978057147575e+03 3.359571465148360403e+03 -1.903217454872230485e+00
3.546697575883816626e+03 6.949419011936397510e+03 5.854851192426130391e-01
3.574143459902139512e+03 6.650788976034232292e+03 -2.692850125210803913e+00
1.089049702289130437e+03 6.684695790003054753e+03 -4.599083549193084819e-01
4.511044894276564264e+03 5.857183420871337148e+03 -1.989602341017658427e+00
3.138100524603495160e+03 3.975052622411331413e+03 -1.661186876046690575e+00
3.862231015490190202e+03 7.025905720056480277e+03 2.432687606916345280e-01
2.793529459463515650e+03 7.161474441993226719e+03 8.433327415881526345e-01
3.864577601153745036e+03 2.134788469140704365e+03 -2.375900766000041742e+00
2.147656503029473697e+03 7.918693267031867435e+03 -1.897537163211506783e+00
2.118875560272004350e+03 6.341680498259044725e+03 -4.782916267790598974e-02
2.256573320356867498e+03 6.622533412701743146e+03 -3.942830887250686200e-01
4.684543388393739406e+03 5.983451914577899515e+03 -2.851361082468145014e+00
3.391148220222967211e+03 7.734174048919795496e+03 -1.653723181426550726e+00
1.499348039442832260e+03 6.807500611450909673e+03 -3.284469700786045721e-01
2.317509846564304553e+03 6.377612678931229311e+03 -2.414471274867343364e+00
4.054572762390921071e+03 4.841899437307447442e+03 -2.413703711262980445e+00
3.170155006815296019e+03 7.100641001380627131e+03 -2.840603818809376513e+00
4.635897224358861422e+03 6.004717357914028071e+03 -1.761951562889434664e+00
3.200899372740158924e+03 3.740447515487681812e+03 -3.817124318817637363e+00
4.367010216074301752e+03 5.526729396406718479e+03 -1.366178027071932144e+00
3.921296109871540466e+03 2.796083805435437625e+03 2.009368451639909903e-01
2.969285931581894147e+03 5.899637085917453078e+03 -3.036257524672886010e+00
2.130678405244502301e+03 7.294860225071687637e+03 -2.880833640194088163e-01
4.292961377830208221e+03 6.891787986801844454e+03 1.571162541951620195e+00
3.379354994342218106e+03 6.017232374293446810e+03 -2.066878327447348784e+00
4.121653877335863399e+03 4.334492282593389064e+03 1.977967848722219868e+00
1.195911829147285061e+03 6.665108614641101667e+03 -2.189123019414888294e+00
3.738904163810301270e+03 4.445754986022739672e+02 -2.296465654283242230e+00
3.353972381486415088e+03 6.218760819699691638e+03 -3.005799837405295438e+00
3.029385272597886797e+03 3.962261353498643530e+03 2.641085024749790122e+00
2.328744892505497319e+03 6.546544340826830194e+03 1.214051494770798101e+00
1.571428816330922700e+03 6.788052727589793903e+03 -3.730380363304779401e+00
3.704075796997442467e+03 3.296679096570800994e+03 -2.626542139751614213e-01
3.839351937615288080e+03 8.410020338679196357e+02 9.979354520103374260e-02
3.852106502712959355e+03 2.060342357739669751e+03 2.229903611674835862e+00
2.121905517580972628e+03 6.594698142751127307e+03 8.006704234447497015e-01
3.844946716943478805e+03 3.051107445072783776e+03 -3.342863275137831991e+00
3.917289249689324606e+03 3.740184217669319423e+03 -2.289340719108599931e+00
3.756881920309986981e+03 2.720219570502712941e+03 -3.428616634757967851e+00
4.123747608379459962e+03 1.660057797484556886e+03 -2.490098979648672994e+00
4.571773825234573451e+03 5.845586839136956769e+03 1.068772878484352540e-01
3.973958720397413344e+03 1.623287699616662394e+03 -1.816576967651931662e+00
1.176887698097890279e+03 6.443276939690029394e+03 1.564486646197831954e+00
3.708452789473928078e+03 1.657269533313916099e+03 -1.549719831992937280e+00
4.454670022423858427e+03 5.841753846941202937e+03 8.216479445857709507e-01
1.494218765168955315e+03 6.150051301005654750e+03 -2.362398018730099025e+00
3.112764732865892711e+03 4.098720190234520487e+03 1.313546177493293055e+00
2.179924172440219081e+03 5.845532047776296167e+03 9.789847840839590587e-01
1.423434033046770537e+03 6.040977125227967008e+03 -3.444271627198404850e+00
1.776897480396737137e+03 5.972464980342244417e+03 2.538795055494418307e+00
3.850864287126522868e+03 7.005061760532781591e+03 -2.104974667471641858e+00
4.611841374204473141e+03 5.844363778524278132e+03 1.757050462199405194e+00
1.644542158653143133e+03 6.421129898605416201e+03 -1.999609186071819034e+00
2.355785842179396241e+03 7.881360108579389816e+03 9.814986398173850546e-01
3.370983343377063647e+03 4.090479561698003636e+03 -2.370532191874424210e+00
3.960539478648031491e+03 5.716588117220312597e+03 2.546634993353726006e+00
1.929567083607872064e+03 6.468362727031253598e+03 3.249110247246993044e+00
3.925336976305130975e+03 2.949164589608987171e+03 -1.500758415399676915e+00
3.869509995307075314e+03 3.524020809721734622e+03 1.416144485946094544e+00
1.743396236164730226e+03 6.929362559560986483e+03 1.779651178119403543e+00
2.409925189974523619e+03 7.147772354208923389e+03 7.936606772281482591e-01
1.487699111928287266e+03 6.494768131108120542e+03 1.445722492548414673e-01
3.810915728159021000e+03 2.347128950278083721e+03 2.082787501323605461e+00
3.931023669428910125e+03 3.098661642315910740e+03 3.601740118643929622e-01
