3.582058116675193105e+03 2.720850631667903599e+03 3.886515850152205687e+00
3.580201899460353616e+03 2.712798420067578263e+03 4.193237430904870777e+00
2.217662713393927788e+03 5.684685026946611288e+03 4.043391675679010255e+00
2.219685793033824211e+03 5.684369968485835670e+03 4.519394580411137952e+00
2.214173813438371781e+03 5.690015460539160813e+03 4.448030132404023007e+00
2.181534420427166879e+03 5.742871838188133552e+03 3.799528140919652408e+00
3.120594596767080930e+03 4.884566056307582585e+03 4.044400028072761444e+00
3.116234714096518928e+03 4.891188593662413041e+03 3.561146353610741500e+00
3.120521023026548846e+03 4.884531446074067389e+03 3.813758842792331016e+00
3.047465128460819415e+03 4.932490578411669958e+03 5.389573162184940536e+00
3.036786109535506057e+03 4.941314319755588258e+03 3.181361565224858357e+00
3.036502689365582228e+03 4.941798315883154828e+03 3.378357730552693283e+00
3.071055378247228418e+03 4.928291805088406363e+03 4.426495812377891248e+00
2.710054072976477983e+03 5.858807643427359835e+03 6.002083703607471676e+00
2.743146370900543388e+03 5.894570606509876598e+03 5.898024562424568629e+00
2.648441600382833713e+03 5.866142957927004318e+03 3.677501861825443807e+00
2.652134225732147115e+03 5.840400572750579158e+03 5.529324341270752008e+00
2.652890333313756400e+03 5.842096224374014128e+03 5.922638921256481837e+00
2.529225339515568066e+03 5.856559124419292857e+03 4.604057871144094705e+00
2.562481083041916008e+03 5.859978856324490152e+03 5.458831795257626851e+00
2.601857839538570261e+03 5.850772884841828272e+03 5.699571758729050863e+00
2.615830293516138681e+03 5.861748848303854174e+03 4.776302197179824738e+00
2.577554880827837678e+03 5.888636561862464987e+03 5.533004637628553546e+00
2.574310137900636619e+03 5.887174788709569839e+03 5.277832225149786893e+00
2.558231437756809555e+03 5.884017849805475635e+03 4.984077498013535390e+00
2.585494475833391789e+03 5.893560104679821052e+03 5.599997813483595266e+00
2.603664954898523320e+03 5.908174851207740176e+03 5.313248591817378852e+00
2.527921006086056423e+03 5.869093574573648766e+03 3.680671279924373707e+00
2.754571912168658855e+03 5.903974976369403521e+03 5.880105362285648951e+00
2.692107603334878604e+03 5.881417995305409022e+03 6.026974248744834561e+00
2.671584083244112207e+03 5.856815254266394732e+03 5.314529607848829329e+00
2.678490854751357801e+03 5.866185609593883783e+03 5.869392341050229334e+00
2.413625619578405804e+03 5.932634220966487192e+03 3.062858848309248039e+00
2.419906470601440560e+03 5.937694125060571423e+03 3.607170271828781694e+00
2.329159527746495769e+03 5.964816381502001605e+03 4.255684842452711614e+00
2.323616705032669415e+03 5.970344124533167815e+03 3.682648980249191517e+00
2.355638205679156727e+03 5.971574558461566085e+03 5.533258539421438194e+00
2.319276975151014085e+03 5.986402994190018944e+03 5.426144559168203152e+00
2.290928808637129350e+03 5.986788161764361575e+03 3.976985878889019776e+00
2.353994649738752287e+03 5.954347432785189994e+03 5.111126797205938210e+00
2.300311887689083051e+03 5.993492729803114344e+03 3.329003610404670077e+00
2.308455562612517951e+03 5.981391657644703628e+03 4.235308619487428317e+00
2.308362139345442301e+03 5.981912800553252055e+03 3.735813418235455874e+00
2.350671479099065436e+03 5.971284935829628921e+03 4.181566840911220773e+00
2.689839673143998425e+03 5.841947587846379975e+03 5.055831888772642557e+00
2.653657210147502155e+03 5.825974300226140258e+03 4.962190916509286787e+00
2.543466140540639572e+03 5.902917763205921801e+03 3.656282509895108390e+00
2.560573943745318957e+03 5.883658625650374233e+03 4.469757166906416224e+00
2.635008936274434745e+03 5.868314782701335389e+03 5.630159519801363643e+00
2.612829760116357193e+03 5.852112019691297974e+03 5.195058307836069922e+00
2.562786145810994185e+03 5.841836806537789016e+03 3.578983861579124071e+00
2.468157143768021797e+03 5.826481809506559330e+03 4.042228289166549082e+00
2.422168566474424551e+03 5.831342558154232393e+03 5.030594235133091452e+00
2.556281083399866475e+03 5.821242925123405257e+03 4.789886906179312120e+00
2.285150820373638908e+03 5.840513789643733617e+03 4.041913121070821013e+00
2.317340913090813956e+03 5.870806214994102447e+03 5.172557980898574215e+00
2.321129451924107343e+03 5.875523179030755273e+03 5.103309638779906621e+00
2.196176164846381198e+03 6.032531274392552405e+03 5.116770161620023849e+00
2.253734466769200026e+03 6.127654832771055226e+03 5.104116993027877136e+00
2.288111496010697920e+03 6.194395369492490317e+03 5.643703306908052220e+00
2.293011902274847216e+03 6.205399037303170189e+03 6.673139009778992659e+00
2.271257377082191397e+03 6.178838695936591648e+03 5.375746161021569769e+00
2.273482589205681506e+03 6.179617172637628755e+03 5.658670007919773148e+00
2.275551427995335871e+03 6.179487408930303900e+03 5.409058320551520360e+00
2.275748818056618802e+03 6.180290265922201797e+03 5.382189158849873145e+00
2.332266819744112581e+03 4.891065846647874423e+03 4.703424110277619974e+00
2.333894929038152441e+03 4.891505187339658733e+03 4.823103742454875054e+00
2.336462613535947639e+03 4.892934219796534308e+03 5.232734375100125845e+00
2.334904231341004561e+03 4.895318079503610534e+03 5.936458006018022537e+00
1.301907144025266462e+03 5.346748925967488503e+03 5.233279682485372675e+00
1.208638928432180364e+03 5.350136259182474532e+03 3.824704210637446256e+00
1.207198528457691282e+03 5.318769129754956339e+03 4.525704951897410844e+00
1.109576826450558883e+03 5.330745798036361521e+03 3.559720784043974628e+00
1.159575986619924379e+03 5.323257464455465197e+03 4.409657969885413920e+00
1.178460669525533149e+03 5.334148648059456718e+03 5.954910878350910153e+00
4.473343090421516536e+03 5.032680273661097090e+03 3.926220978917018378e+00
4.506810732187884241e+03 5.024624004415391937e+03 5.395324108906131677e+00
4.421118170375907539e+03 5.060701425805071267e+03 3.998764746082115629e+00
4.414646615533457407e+03 5.058327234815797055e+03 4.466556744433977322e+00
4.676907936994341071e+03 5.036802792254869019e+03 5.508570421224372460e+00
4.646725379986093685e+03 5.024879682618317929e+03 4.569439424443708653e+00
4.454190100283843094e+03 5.106366446947955410e+03 4.135607551035613838e+00
4.430511957146359237e+03 5.067657843649383722e+03 3.845806232539480618e+00
4.434317148040378015e+03 5.066994962424952064e+03 3.883953568434025616e+00
4.422072261731436811e+03 5.089696678352365780e+03 2.983021703834584315e+00
1.914705309965702099e+03 5.057369226359807726e+03 3.134788627142058193e+00
1.918541327668773192e+03 5.052293897133899918e+03 3.098034400145409872e+00
2.042476427364908659e+03 5.060011026551553186e+03 5.035105369809346421e+00
1.993389969900220876e+03 5.044953157936965908e+03 3.863501980931336455e+00
2.022303326952136786e+03 5.044021553125416176e+03 5.129572629378313486e+00
1.943894082088094365e+03 5.078202000383464110e+03 4.263073289908082764e+00
1.945347277737244212e+03 5.076875460805969851e+03 4.517185562719586045e+00
1.982174576377057519e+03 5.051708814012960829e+03 3.892075365295445621e+00
1.977763000261417801e+03 5.061374515116373004e+03 4.849650617552743626e+00
3.416169997101457739e+03 4.973304937017880548e+03 4.224722486949662681e+00
3.540369390608857429e+03 4.924832635570319326e+03 5.178770694219233306e+00
3.710723103246335540e+03 4.903266651817692946e+03 5.887920365142832679e+00
3.724133722077295261e+03 4.911063606191948566e+03 5.258017231010468251e+00
3.378124117850472885e+03 4.959099743099388434e+03 3.302333403370098619e+00
3.780569357386711090e+03 6.281299631104667242e+03 4.800725166635944952e+00
